532 70
67
512 385 514 515 516 517 519 520 521 522 523 524 525 526 527 528 505 529 405 284 289 420 421 301 513 310 313 442 316 445 191 451 456 330 463 464 465 340 470 471 472 474 475 221 478 479 352 507 484 486 487 488 362 239 496 498 242 243 502 511 377 506 255 508 509 510 27711
481 483 485 518 491 492 495 530 531 501 50413
484 488 487 456 463 464 465 502 471 472 474 475 4799
481 482 485 490 491 499 501 440 4775
488 465 475 484 47910
484 488 487 456 465 502 472 474 475 4793
504 491 4957
453 454 457 458 461 501 43965
512 385 514 515 516 389 519 405 522 523 524 526 527 528 505 529 277 284 474 517 420 421 301 520 513 310 313 442 316 445 191 451 456 330 463 336 465 340 471 472 346 475 221 478 479 352 353 484 487 360 362 239 496 488 242 243 464 510 502 511 377 506 507 382 2556
193 203 181 182 186 1874
457 458 453 46113
448 481 483 485 454 457 458 491 492 461 495 439 4534
457 458 477 4614
488 465 484 4795
448 481 411 453 4396
483 454 457 458 491 46173
512 385 514 515 516 389 519 405 522 523 524 526 527 528 472 529 277 284 474 517 289 475 420 421 301 520 513 310 313 442 316 445 191 451 198 456 330 498 463 336 465 340 505 471 216 346 219 221 478 479 352 353 484 486 487 360 362 237 238 239 496 488 242 243 464 510 502 511 377 506 507 382 25518
164 228 326 292 136 265 170 171 141 61 115 151 120 121 319 183 126 1274
504 491 492 4954
457 458 485 46123
277 284 289 301 310 313 316 191 330 340 216 346 219 221 352 360 362 237 238 239 242 243 2556
484 488 465 474 475 4794
193 203 180 1734
448 457 458 4619
289 301 431 242 277 310 216 219 2848
484 488 465 471 472 474 475 47968
512 385 514 515 516 389 519 405 522 523 524 526 527 528 472 529 277 284 474 517 289 475 420 421 301 520 513 310 313 442 316 445 191 451 456 330 463 336 465 340 505 471 216 346 219 221 478 479 352 353 484 487 360 362 239 496 488 242 243 464 510 502 511 377 506 507 382 2555
465 487 484 502 47971
512 385 514 515 516 389 519 405 522 523 524 526 527 528 472 529 277 284 474 517 289 475 420 421 301 520 513 310 313 442 316 445 191 451 198 456 330 463 336 465 340 505 471 216 346 219 221 478 479 352 353 484 487 360 362 237 238 239 496 488 242 243 464 510 502 511 377 506 507 382 25511
451 420 421 456 463 464 405 471 472 474 44566
512 385 514 515 516 389 519 405 522 523 524 526 527 528 505 529 277 284 474 517 289 420 421 301 520 513 310 313 442 316 445 191 451 456 330 463 336 465 340 471 472 346 475 221 478 479 352 353 484 487 360 362 239 496 488 242 243 464 510 502 511 377 506 507 382 25528
385 277 284 289 301 310 313 316 191 198 330 336 340 216 346 219 221 352 353 360 362 237 238 239 242 243 377 2555
289 346 284 301 31068
512 385 514 515 277 517 519 520 521 522 523 524 525 526 527 528 505 529 405 516 284 289 475 420 421 301 513 310 313 442 316 445 191 451 456 330 463 464 465 340 470 471 472 474 219 221 478 479 352 484 486 487 488 362 239 496 498 242 243 502 511 377 506 507 508 509 510 25515
226 227 130 231 135 194 207 145 244 181 247 248 186 187 1587
481 482 485 491 499 501 4777
453 454 521 458 439 461 45768
512 385 514 515 516 517 519 405 522 523 524 526 527 528 472 529 277 284 289 475 420 421 301 431 520 513 310 313 442 316 445 191 451 198 456 330 463 464 465 340 505 471 216 474 219 221 478 479 352 484 486 487 488 362 237 238 239 496 498 242 243 502 511 377 506 507 510 2556
130 135 169 174 145 1588
353 389 360 301 336 310 346 3823
483 492 4933
490 470 50310
385 451 420 421 456 463 464 405 377 44510
193 135 169 203 173 174 180 182 186 1879
289 301 400 242 277 310 216 219 2847
453 454 457 458 461 527 43910
133 165 166 77 175 178 118 155 134 19720
352 289 316 330 255 301 238 239 242 243 340 277 310 216 313 346 219 284 221 1919
513 486 525 526 527 528 529 498 5093
465 484 4796
512 515 496 507 478 51137
256 257 269 272 278 280 281 283 291 294 298 302 304 307 312 315 317 320 194 323 325 331 333 207 339 212 343 344 222 226 227 231 233 244 247 248 24974
512 385 514 515 516 517 490 519 405 521 522 523 524 525 526 527 528 472 529 277 284 289 475 420 421 301 505 520 513 310 313 442 316 445 191 451 198 456 330 503 463 464 465 340 470 471 216 474 219 221 478 479 352 484 486 487 488 362 237 238 239 496 498 242 243 502 511 377 506 507 508 509 510 2553
346 301 3106
448 481 453 392 439 41175
512 385 514 515 516 389 519 405 522 523 524 525 526 527 528 472 529 277 284 474 517 289 475 420 421 301 520 513 310 313 442 316 445 191 451 198 456 330 498 463 336 465 340 505 471 216 346 219 221 478 479 352 353 484 486 487 360 362 237 238 239 496 488 242 243 464 510 502 511 377 506 507 509 382 2557
448 481 453 392 393 439 41110
513 486 525 496 498 442 507 509 478 5116
194 130 207 145 181 1584
457 458 461 4397
484 488 465 472 474 475 4798
481 482 485 490 499 501 440 4777
453 454 457 458 461 439 4407
165 166 175 178 155 134 1977
448 481 453 454 392 439 4117
451 420 421 456 463 464 44527
277 284 289 301 310 313 316 191 198 330 336 340 216 346 219 221 352 353 360 362 237 238 239 242 243 377 25530
256 257 269 272 278 280 281 283 291 294 298 302 304 307 312 315 317 320 323 325 331 333 339 343 344 233 244 247 248 24929
389 400 277 284 289 156 301 431 310 313 316 191 198 336 216 346 219 221 353 360 237 238 239 242 243 116 250 382 2555
379 449 394 427 373