532 73
67
512 385 514 515 516 517 519 520 521 522 523 524 525 526 527 528 505 529 405 284 289 420 421 301 513 310 313 442 316 445 191 451 456 330 463 464 465 340 470 471 472 474 475 221 478 479 352 507 484 486 487 488 362 239 496 498 242 243 502 511 377 506 255 508 509 510 277
13
484 488 487 456 463 464 465 502 471 472 474 475 479
70
512 385 514 515 516 517 519 405 522 523 524 525 526 527 528 472 529 277 284 289 475 420 421 301 505 520 513 310 313 442 316 445 191 451 198 456 330 463 464 465 340 470 471 216 474 219 221 478 479 352 484 486 487 488 362 237 238 239 496 498 242 243 502 511 377 506 507 509 510 255
9
481 482 485 490 491 499 501 440 477
13
164 136 170 171 141 115 151 120 121 60 61 126 127
5
488 465 475 484 479
10
484 488 487 456 465 502 472 474 475 479
3
504 491 495
7
453 454 457 458 461 501 439
4
457 458 453 461
13
448 481 483 485 454 457 458 491 492 461 495 439 453
4
457 458 477 461
19
448 481 483 485 454 457 458 491 492 461 495 531 530 518 501 439 504 411 453
4
488 465 484 479
9
482 521 490 499 503 440 410 508 477
72
512 385 514 515 388 517 490 519 520 521 522 523 524 397 526 527 400 505 384 529 405 516 410 525 420 421 431 371 513 440 442 445 451 374 481 456 354 463 464 465 340 470 471 472 474 475 477 478 479 352 528 482 484 485 486 487 488 362 359 496 498 499 501 502 503 377 506 507 508 509 510 511
73
512 385 514 515 516 389 519 405 522 523 524 526 527 528 472 529 277 284 474 517 289 475 420 421 301 520 513 310 313 442 316 445 191 451 198 456 330 498 463 336 465 340 505 471 216 346 219 221 478 479 352 353 484 486 487 360 362 237 238 239 496 488 242 243 464 510 502 511 377 506 507 382 255
4
504 491 492 495
4
457 458 485 461
23
277 284 289 301 310 313 316 191 330 340 216 346 219 221 352 360 362 237 238 239 242 243 255
6
484 488 465 474 475 479
4
448 457 458 461
9
289 301 431 242 277 310 216 219 284
8
484 488 465 471 472 474 475 479
68
512 385 514 515 516 389 519 405 522 523 524 526 527 528 472 529 277 284 474 517 289 475 420 421 301 520 513 310 313 442 316 445 191 451 456 330 463 336 465 340 505 471 216 346 219 221 478 479 352 353 484 487 360 362 239 496 488 242 243 464 510 502 511 377 506 507 382 255
5
465 487 484 502 479
71
512 385 514 515 516 389 519 405 522 523 524 526 527 528 472 529 277 284 474 517 289 475 420 421 301 520 513 310 313 442 316 445 191 451 198 456 330 463 336 465 340 505 471 216 346 219 221 478 479 352 353 484 487 360 362 237 238 239 496 488 242 243 464 510 502 511 377 506 507 382 255
11
451 420 421 456 463 464 405 471 472 474 445
66
512 385 514 515 516 389 519 405 522 523 524 526 527 528 505 529 277 284 474 517 289 420 421 301 520 513 310 313 442 316 445 191 451 456 330 463 336 465 340 471 472 346 475 221 478 479 352 353 484 487 360 362 239 496 488 242 243 464 510 502 511 377 506 507 382 255
8
169 173 174 207 180 181 186 158
5
145 130 169 158 135
28
385 277 284 289 301 310 313 316 191 198 330 336 340 216 346 219 221 352 353 360 362 237 238 239 242 243 377 255
5
289 346 284 301 310
68
512 385 514 515 277 517 519 520 521 522 523 524 525 526 527 528 505 529 405 516 284 289 475 420 421 301 513 310 313 442 316 445 191 451 456 330 463 464 465 340 470 471 472 474 219 221 478 479 352 484 486 487 488 362 239 496 498 242 243 502 511 377 506 507 508 509 510 255
15
226 227 130 231 135 194 207 145 244 181 247 248 186 187 158
7
481 482 485 491 499 501 477
7
453 454 521 458 439 461 457
7
483 454 457 458 491 492 461
69
512 385 514 515 516 517 519 405 521 522 523 524 525 526 527 528 472 529 277 284 289 475 420 421 301 505 520 513 310 313 442 316 445 191 451 456 330 463 464 465 340 470 471 216 474 219 221 478 479 352 484 486 487 488 362 239 496 498 242 243 502 511 377 506 507 508 509 510 255
22
130 135 145 158 169 173 174 180 181 182 186 187 193 194 203 207 212 222 226 227 231 248
68
512 385 514 515 516 517 519 405 522 523 524 526 527 528 472 529 277 284 289 475 420 421 301 431 520 513 310 313 442 316 445 191 451 198 456 330 463 464 465 340 505 471 216 474 219 221 478 479 352 484 486 487 488 362 237 238 239 496 498 242 243 502 511 377 506 507 510 255
6
130 135 169 174 145 158
8
353 389 360 301 336 310 346 382
34
256 257 269 272 278 280 281 283 291 294 298 302 304 307 312 315 317 320 194 323 325 331 333 207 339 343 344 226 227 233 244 247 248 249
3
483 492 493
3
490 470 503
5
145 194 181 158 207
10
385 451 420 421 456 463 464 405 377 445
9
481 485 518 491 495 530 531 501 504
7
194 135 130 207 145 181 158
9
289 301 400 242 277 310 216 219 284
7
453 454 457 458 461 527 439
20
352 289 316 330 255 301 238 239 242 243 340 277 310 216 313 346 219 284 221 191
9
513 486 525 526 527 528 529 498 509
3
465 484 479
6
512 515 496 507 478 511
6
453 454 457 458 501 439
8
482 521 490 499 503 440 508 477
3
346 301 310
6
448 481 453 392 439 411
75
512 385 514 515 516 389 519 405 522 523 524 525 526 527 528 472 529 277 284 474 517 289 475 420 421 301 520 513 310 313 442 316 445 191 451 198 456 330 498 463 336 465 340 505 471 216 346 219 221 478 479 352 353 484 486 487 360 362 237 238 239 496 488 242 243 464 510 502 511 377 506 507 509 382 255
6
228 170 171 141 183 120
7
448 481 453 392 393 439 411
10
513 486 525 496 498 442 507 509 478 511
4
457 458 461 439
7
484 488 465 472 474 475 479
8
481 482 485 490 499 501 440 477
7
448 481 453 454 392 439 411
3
180 173 231
13
481 483 485 518 491 492 461 495 530 531 501 504 493
7
451 420 421 456 463 464 445
27
277 284 289 301 310 313 316 191 198 330 336 340 216 346 219 221 352 353 360 362 237 238 239 242 243 377 255
30
256 257 269 272 278 280 281 283 291 294 298 302 304 307 312 315 317 320 323 325 331 333 339 343 344 233 244 247 248 249
