532 1796
2
354 348 
2
61 60 
2
183 141 
2
300 319 
2
164 151 
2
170 171 
2
91 100 
2
165 155 
2
161 176 
2
153 146 
2
227 226 
2
244 247 
2
280 269 
2
320 333 
2
318 311 
2
295 285 
2
260 264 
3
170 228 183 
2
265 228 
2
29 23 
2
33 32 
2
36 34 
2
53 47 
2
54 56 
2
80 89 
2
114 113 
2
78 96 
2
123 98 
2
143 144 
2
154 162 
2
196 185 
2
235 241 
2
148 157 
2
177 152 
2
230 236 
2
55 49 
2
130 135 
2
186 187 
2
327 338 
2
358 363 
2
356 365 
2
332 322 
2
308 282 
2
314 321 
2
159 168 
2
167 192 
2
18 20 
2
4 15 
2
129 132 
2
95 111 
62
264 295 311 299 293 276 253 245 256 225 200 211 233 249 272 257 291 281 302 304 320 269 244 135 169 174 182 187 193 203 180 173 153 146 161 176 199 189 206 204 223 208 197 175 166 178 165 155 134 133 118 77 85 74 72 66 90 108 119 122 102 55 
2
175 166 
2
206 204 
2
201 234 
2
189 206 
2
212 267 
2
291 281 
2
253 245 
2
52 58 
2
50 51 
2
224 229 
2
261 251 
2
270 259 
2
290 279 
2
341 309 
2
383 395 
2
369 364 
2
278 280 
2
294 283 
2
315 317 
2
298 312 
2
323 307 
2
361 367 
2
266 288 
2
232 246 
2
205 213 
2
139 149 
2
39 57 
2
311 299 
2
88 101 
2
199 189 
6
121 126 127 136 171 164 
2
115 121 
2
131 142 
2
271 263 
2
305 287 
2
396 402 
2
446 444 
2
476 460 
2
458 461 
2
439 454 
2
509 525 
2
400 389 
2
388 397 
2
283 278 
2
339 323 
2
347 327 
2
372 380 
2
288 297 
2
202 215 
2
209 190 
2
366 358 
15
397 470 431 400 525 521 508 503 490 482 499 501 485 477 440 
2
440 410 
2
481 485 
2
499 501 
2
528 527 
2
511 515 
2
522 512 
2
505 506 
2
474 475 
2
465 456 
2
420 421 
2
310 301 
2
219 289 
2
238 216 
2
335 349 
2
172 138 
2
87 94 
2
312 315 
2
333 343 
2
258 268 
2
157 137 
2
236 220 
2
454 457 
2
410 384 
2
325 294 
2
344 331 
2
293 276 
2
378 366 
2
150 160 
2
103 99 
2
98 76 
2
57 69 
2
526 529 
2
510 516 
2
451 464 
2
405 420 
2
284 277 
5
499 501 491 481 485 
2
482 477 
3
521 508 503 
3
440 410 384 
2
477 440 
6
376 388 397 470 431 400 
2
470 440 
75
389 382 360 346 353 336 198 237 238 216 219 289 310 301 284 277 242 243 221 191 239 255 313 316 330 340 352 362 377 385 405 420 421 465 456 445 451 464 463 471 472 474 475 488 484 479 487 502 505 506 510 516 519 514 517 520 523 524 522 512 507 511 515 526 529 528 527 513 496 478 442 486 498 509 525 
3
470 503 490 
73
470 250 198 237 238 216 219 289 310 301 284 277 242 243 221 191 239 255 313 316 330 340 352 362 377 385 405 420 421 465 456 445 451 464 463 471 472 474 475 488 484 479 487 502 505 506 510 516 519 514 517 520 523 524 522 512 507 511 515 526 529 528 527 513 496 478 442 486 498 509 525 521 508 
2
431 503 
5
360 346 353 336 503 
14
470 431 400 389 382 360 346 353 336 508 490 482 499 477 
2
501 477 
2
485 477 
2
481 477 
2
491 477 
9
431 400 389 382 360 346 353 336 250 
2
490 440 
2
508 440 
2
431 440 
5
360 346 353 336 440 
70
431 198 237 238 216 219 289 310 301 284 277 242 243 221 191 239 255 313 316 330 340 352 362 377 385 405 420 421 465 456 445 451 464 463 471 472 474 475 488 484 479 487 502 505 506 510 516 519 514 517 520 523 524 522 512 507 511 515 526 529 528 527 513 496 478 442 486 498 509 525 
25
470 431 400 389 382 360 346 353 336 528 527 513 496 478 442 486 498 509 525 521 508 490 482 499 477 
3
477 440 410 
70
470 238 216 219 289 310 301 284 277 242 243 221 191 239 255 313 316 330 340 352 362 377 385 405 420 421 465 456 445 451 464 463 471 472 474 475 488 484 479 487 502 505 506 510 516 519 514 517 520 523 524 522 512 507 511 515 526 529 528 527 513 496 478 442 486 498 509 525 521 508 
12
431 400 389 382 360 346 353 336 250 198 237 238 
3
490 440 410 
3
470 440 410 
2
508 410 
2
431 410 
5
360 346 353 336 410 
9
431 216 219 289 310 301 284 277 242 
68
389 382 360 346 353 336 216 219 289 310 301 284 277 242 243 221 191 239 255 313 316 330 340 352 362 377 385 405 420 421 465 456 445 451 464 463 471 472 474 475 488 484 479 487 502 505 506 510 516 519 514 517 520 523 524 522 512 507 511 515 526 529 528 527 513 496 478 442 
127
300 319 326 292 265 228 183 141 120 61 60 87 94 68 97 172 138 116 156 273 335 349 355 368 376 388 397 470 431 400 250 198 237 238 216 219 289 310 301 284 277 242 243 221 191 239 255 313 316 330 340 352 362 377 385 405 420 421 465 456 445 451 464 463 471 472 474 475 488 484 479 487 502 505 506 510 516 519 514 517 520 523 524 522 512 507 511 515 526 529 528 527 513 496 478 442 486 498 509 525 521 508 503 490 482 499 481 485 477 440 410 384 371 374 359 354 348 328 334 342 448 453 439 454 457 458 461 
22
116 156 273 329 335 349 355 368 376 388 397 470 431 400 389 382 360 346 353 336 250 371 
78
198 237 238 216 219 289 310 301 284 277 242 243 221 191 239 255 313 316 330 340 352 362 377 385 405 420 421 465 456 445 451 464 463 471 472 474 475 488 484 479 487 502 505 506 510 516 519 514 517 520 523 524 522 512 507 511 515 526 529 528 527 513 496 478 442 486 498 509 525 521 508 503 490 482 499 501 477 371 
13
491 481 485 448 453 439 454 457 458 461 483 492 495 
9
273 329 335 349 355 368 376 388 397 
8
371 374 359 354 348 328 334 342 
9
470 431 400 389 382 360 346 353 336 
72
250 198 237 238 216 219 289 310 301 284 277 242 243 221 191 239 255 313 316 330 340 352 362 377 385 405 420 421 465 456 445 451 464 463 471 472 474 475 488 484 479 487 502 505 506 510 516 519 514 517 520 523 524 522 512 507 511 515 526 529 528 527 513 496 478 442 486 498 509 525 521 508 
3
138 116 156 
2
156 477 
10
376 388 397 470 431 400 477 440 410 384 
3
485 477 364 
2
384 371 
4
376 388 397 501 
74
376 388 397 198 237 238 216 219 289 310 301 284 277 242 243 221 191 239 255 313 316 330 340 352 362 377 385 405 420 421 465 456 445 451 464 463 471 472 474 475 488 484 479 487 502 505 506 510 516 519 514 517 520 523 524 522 512 507 511 515 526 529 528 527 513 496 478 442 486 498 509 525 521 508 
74
470 198 237 238 216 219 289 310 301 284 277 242 243 221 191 239 255 313 316 330 340 352 362 377 385 405 420 421 465 456 445 451 464 463 471 472 474 475 488 484 479 487 502 505 506 510 516 519 514 517 520 523 524 522 512 507 511 515 526 529 528 527 513 496 478 442 486 498 509 525 521 508 503 490 
2
470 501 
2
485 371 
5
371 374 370 369 364 
72
198 237 238 216 219 289 310 301 284 277 242 243 221 191 239 255 313 316 330 340 352 362 377 385 405 420 421 465 456 445 451 464 463 471 472 474 475 488 484 479 487 502 505 506 510 516 519 514 517 520 523 524 522 512 507 511 515 526 529 528 527 513 496 478 442 486 498 509 525 521 508 364 
72
198 237 238 216 219 289 310 301 284 277 242 243 221 191 239 255 313 316 330 340 352 362 377 385 405 420 421 465 456 445 451 464 463 471 472 474 475 488 484 479 487 502 505 506 510 516 519 514 517 520 523 524 522 512 507 511 515 526 529 528 527 513 496 478 442 486 498 509 525 521 508 485 
15
370 369 364 383 395 393 392 411 448 453 439 454 457 458 461 
4
501 491 481 485 
7
501 453 439 454 457 458 461 
3
376 388 397 
2
431 400 
2
500 497 
2
493 494 
3
393 392 411 
3
490 482 499 
83
470 431 400 389 382 360 346 353 336 250 198 237 238 216 219 289 310 301 284 277 242 243 221 191 239 255 313 316 330 340 352 362 377 385 405 420 421 465 456 445 451 464 463 471 472 474 475 488 484 479 487 502 505 506 510 516 519 514 517 520 523 524 522 512 507 511 515 526 529 528 527 513 496 478 442 486 498 509 525 521 508 503 490 
6
499 501 491 481 485 477 
10
431 400 389 382 360 346 353 336 485 410 
11
431 400 389 382 360 346 353 336 499 501 410 
10
431 400 389 382 360 346 353 336 499 501 
71
198 237 238 216 219 289 310 301 284 277 242 243 221 191 239 255 313 316 330 340 352 362 377 385 405 420 421 465 456 445 451 464 463 471 472 474 475 488 484 479 487 502 505 506 510 516 519 514 517 520 523 524 522 512 507 511 515 526 529 528 527 513 496 478 442 486 498 509 525 521 508 
3
431 482 477 
2
470 250 
70
470 198 237 238 216 219 289 310 301 284 277 242 243 221 191 239 255 313 316 330 340 352 362 377 385 405 420 421 465 456 445 451 464 463 471 472 474 475 488 484 479 487 502 505 506 510 516 519 514 517 520 523 524 522 512 507 511 515 526 529 528 527 513 496 478 442 486 498 509 525 
3
482 410 384 
6
360 346 353 336 482 477 
5
360 346 353 336 250 
31
470 431 400 389 382 360 346 353 336 528 527 513 496 478 442 486 498 509 525 521 508 503 490 482 499 501 481 485 477 440 410 
14
470 486 498 509 525 521 508 503 490 482 499 501 485 477 
12
470 486 498 509 525 521 508 503 490 482 499 501 
12
470 486 498 509 525 521 508 503 490 477 440 410 
2
198 490 
2
198 503 
3
431 250 198 
2
198 477 
71
389 382 360 346 353 336 198 237 238 216 219 289 310 301 284 277 242 243 221 191 239 255 313 316 330 340 352 362 377 385 405 420 421 465 456 445 451 464 463 471 472 474 475 488 484 479 487 502 505 506 510 516 519 514 517 520 523 524 522 512 507 511 515 526 529 528 527 513 496 478 442 
20
21 25 34 33 32 29 23 28 31 24 22 19 17 16 14 11 10 13 12 9 
19
25 34 33 32 29 23 28 31 24 22 19 17 16 14 11 10 13 12 9 
4
36 34 33 32 
3
21 25 27 
2
9 7 
15
216 219 289 310 301 284 277 242 243 221 191 239 255 313 316 
14
219 289 310 301 284 277 242 243 221 191 239 255 313 316 
3
313 316 330 
2
346 310 
3
238 216 219 
4
172 138 116 156 
3
300 319 326 
4
197 175 166 178 
3
189 206 204 
3
331 325 294 
3
291 281 302 
3
276 253 245 
5
128 140 139 149 150 
5
110 104 106 88 101 
3
410 384 371 
3
528 527 513 
4
471 472 474 475 
5
377 385 405 420 421 
4
284 277 242 243 
5
355 368 376 388 397 
3
61 60 87 
2
370 369 
2
326 292 
2
155 134 
4
199 189 206 204 
2
247 248 
2
317 344 
3
295 285 314 
4
128 140 139 149 
18
238 216 219 289 310 301 284 277 242 243 221 191 239 255 313 316 330 340 
16
216 219 289 310 301 284 277 242 243 221 191 239 255 313 316 330 
3
330 340 352 
5
346 289 310 301 284 
4
198 237 238 216 
2
516 519 
3
472 474 475 
4
451 464 463 471 
3
385 405 420 
3
97 172 138 
3
55 49 40 
2
104 106 
7
128 140 139 149 150 160 167 
2
213 214 
2
304 320 
2
331 325 
2
94 68 
2
364 383 
2
97 172 
2
349 355 
2
472 474 
7
420 421 456 445 451 464 463 
10
377 385 405 420 421 456 445 451 464 463 
7
451 464 463 471 472 474 475 
7
352 362 377 385 405 420 421 
128
300 319 326 292 265 228 183 141 120 61 60 87 94 68 97 172 138 116 156 273 335 349 355 368 376 388 397 470 431 400 250 198 237 238 216 219 289 310 301 284 277 242 243 221 191 239 255 313 316 330 340 352 362 377 385 405 420 421 465 456 445 451 464 463 471 472 474 475 488 484 479 487 502 505 506 510 516 519 514 517 520 523 524 522 512 507 511 515 526 529 528 527 513 496 478 442 486 498 509 525 521 508 503 490 482 499 491 481 485 477 440 410 384 371 374 359 354 348 328 334 342 448 453 439 454 457 458 461 
8
273 329 335 349 355 368 376 388 
9
388 397 470 431 400 477 440 410 384 
3
485 477 370 
2
388 501 
72
388 198 237 238 216 219 289 310 301 284 277 242 243 221 191 239 255 313 316 330 340 352 362 377 385 405 420 421 465 456 445 451 464 463 471 472 474 475 488 484 479 487 502 505 506 510 516 519 514 517 520 523 524 522 512 507 511 515 526 529 528 527 513 496 478 442 486 498 509 525 521 508 
3
371 374 370 
72
198 237 238 216 219 289 310 301 284 277 242 243 221 191 239 255 313 316 330 340 352 362 377 385 405 420 421 465 456 445 451 464 463 471 472 474 475 488 484 479 487 502 505 506 510 516 519 514 517 520 523 524 522 512 507 511 515 526 529 528 527 513 496 478 442 486 498 509 525 521 508 370 
4
440 410 384 371 
3
516 519 514 
6
10 9 7 8 6 5 
7
10 9 7 8 6 5 1 
2
11 10 
3
13 12 9 
6
0 2 3 4 5 1 
3
465 484 479 
5
465 488 484 479 487 
3
479 487 502 
3
475 488 484 
5
420 421 456 445 451 
11
405 420 421 456 445 451 464 463 471 472 474 
4
377 385 405 420 
12
516 519 514 517 520 523 524 522 512 515 526 529 
10
516 519 514 517 520 523 524 522 512 526 
4
512 507 511 515 
5
526 529 528 527 513 
49
211 233 249 272 257 291 281 302 304 320 333 343 339 323 307 298 312 315 317 344 331 325 294 283 278 280 269 244 247 248 227 226 231 222 194 207 186 181 158 145 130 135 169 174 182 187 193 203 180 
51
211 233 249 272 257 291 281 302 304 320 333 343 339 323 307 298 312 315 317 344 331 325 294 283 278 280 269 244 247 248 227 226 231 222 212 194 207 186 181 158 145 130 135 169 174 182 187 193 203 180 173 
3
180 173 153 
5
222 212 201 234 267 
2
200 211 
3
319 326 292 
7
197 175 166 178 165 155 134 
3
278 280 269 
10
291 281 302 304 320 333 343 339 323 307 
4
140 139 149 150 
3
128 140 139 
3
285 314 321 
3
302 304 320 
3
94 68 97 
2
359 354 
3
175 166 178 
10
465 456 472 474 475 488 484 479 487 502 
5
465 484 479 487 502 
3
465 456 445 
6
479 487 502 505 506 510 
9
451 464 463 471 472 474 475 488 484 
4
327 338 318 311 
7
302 304 320 333 343 339 323 
2
0 2 
2
20 26 
2
240 260 
2
246 252 
2
467 462 
2
447 433 
2
287 275 
2
279 254 
2
163 143 
2
67 63 
2
92 81 
2
16 14 
3
335 349 355 
2
368 376 
32
465 456 445 451 464 463 471 472 474 475 488 484 479 487 502 505 506 510 516 519 514 517 520 523 524 522 512 507 511 515 526 529 
38
420 421 465 456 445 451 464 463 471 472 474 475 488 484 479 487 502 505 506 510 516 519 514 517 520 523 524 522 512 507 511 515 526 529 528 527 513 496 
23
377 385 405 420 421 465 456 445 451 464 463 471 472 474 475 488 484 479 487 502 505 506 510 
3
507 496 478 
9
526 529 528 527 513 486 498 509 525 
2
399 417 
5
352 362 377 385 405 
3
134 133 118 
6
239 255 313 316 330 340 
252
245 256 225 200 211 233 249 272 257 291 281 323 307 298 312 315 317 344 331 325 294 283 278 280 269 244 247 248 227 226 231 222 212 194 207 186 181 158 145 130 135 169 174 182 187 193 203 180 173 153 146 161 176 199 133 118 77 85 74 72 66 90 108 119 122 102 55 49 40 75 91 100 115 121 126 127 136 170 171 164 151 201 234 267 300 319 326 292 265 228 183 141 120 61 60 87 94 68 97 172 138 116 156 273 329 335 349 355 368 376 388 397 470 431 400 389 382 360 346 353 336 250 198 237 238 216 219 289 310 301 284 277 242 243 221 191 239 377 385 405 420 421 465 456 445 451 464 463 471 472 474 475 488 484 479 487 502 505 506 510 516 519 514 517 520 523 524 522 512 507 511 515 526 529 528 527 513 496 478 442 486 498 509 525 521 508 503 490 482 499 501 491 481 485 477 440 410 384 371 374 359 354 348 328 334 342 370 369 364 383 395 393 392 411 448 453 439 454 457 458 461 483 492 495 504 518 531 530 493 494 500 497 489 473 449 441 427 394 373 379 399 430 455 466 480 476 460 469 468 467 462 446 
253
245 256 225 200 211 233 249 272 257 291 281 323 307 298 312 315 317 344 331 325 294 283 278 280 269 244 247 248 227 226 231 222 212 194 207 186 181 158 145 130 135 169 174 182 187 193 203 180 173 153 146 161 176 199 133 118 77 85 74 72 66 90 108 119 122 102 55 49 40 75 91 100 115 121 126 127 136 170 171 164 151 201 234 267 300 319 326 292 265 228 183 141 120 61 60 87 94 68 97 172 138 116 156 273 329 335 349 355 368 376 388 397 470 431 400 389 382 360 346 353 336 250 198 237 238 216 219 289 310 301 284 277 242 243 221 191 239 255 377 385 405 420 421 465 456 445 451 464 463 471 472 474 475 488 484 479 487 502 505 506 510 516 519 514 517 520 523 524 522 512 507 511 515 526 529 528 527 513 496 478 442 486 498 509 525 521 508 503 490 482 499 501 491 481 485 477 440 410 384 371 374 359 354 348 328 334 342 370 369 364 383 395 393 392 411 448 453 439 454 457 458 461 483 492 495 504 518 531 530 493 494 500 497 489 473 449 441 427 394 373 379 399 430 455 466 480 476 460 469 468 467 462 446 
17
216 219 289 310 301 284 277 242 243 221 191 239 255 313 316 330 340 
20
346 238 216 219 289 310 301 284 277 242 243 221 191 239 255 313 316 330 340 352 
23
360 346 237 238 216 219 289 310 301 284 277 242 243 221 191 239 255 313 316 330 340 352 362 
27
360 346 353 336 198 237 238 216 219 289 310 301 284 277 242 243 221 191 239 255 313 316 330 340 352 362 377 
5
250 198 237 238 216 
9
313 316 330 340 352 362 377 385 405 
6
382 360 346 353 336 310 
10
186 135 169 174 182 187 193 203 180 173 
7
200 211 203 180 173 153 176 
7
186 181 158 145 130 135 187 
4
153 146 161 176 
3
200 176 199 
3
174 180 173 
2
193 203 
2
200 146 
4
158 145 130 135 
2
186 181 
2
200 161 
26
470 431 400 389 382 360 346 353 336 528 527 513 496 478 442 486 498 509 525 521 508 490 482 499 477 440 
7
368 376 388 397 470 431 400 
67
470 289 310 301 284 277 242 243 221 191 239 255 313 316 330 340 352 362 377 385 405 420 421 465 456 445 451 464 463 471 472 474 475 488 484 479 487 502 505 506 510 516 519 514 517 520 523 524 522 512 507 511 515 526 529 528 527 513 496 478 442 486 498 509 525 521 508 
15
431 400 389 382 360 346 353 336 250 198 237 238 216 219 289 
2
431 277 
65
389 382 360 346 353 336 310 301 284 277 242 243 221 191 239 255 313 316 330 340 352 362 377 385 405 420 421 465 456 445 451 464 463 471 472 474 475 488 484 479 487 502 505 506 510 516 519 514 517 520 523 524 522 512 507 511 515 526 529 528 527 513 496 478 442 
2
120 61 
2
301 284 
3
405 420 421 
5
451 464 463 471 472 
10
465 474 475 488 484 479 487 502 505 506 
14
465 456 471 472 474 475 488 484 479 487 502 505 506 510 
7
479 487 502 505 506 510 516 
7
465 472 474 475 488 484 479 
6
465 474 475 488 484 479 
6
471 472 474 475 488 484 
3
451 464 463 
2
277 242 
3
471 472 474 
3
377 385 405 
88
273 329 335 349 355 470 431 400 389 382 360 346 353 336 250 198 237 238 216 219 289 310 301 284 277 242 243 221 191 239 255 313 316 330 340 352 362 377 385 405 420 421 465 456 445 451 464 463 471 472 474 475 488 484 479 487 502 505 506 510 516 519 514 517 520 523 524 522 512 507 511 515 526 529 528 527 513 496 478 442 486 498 509 525 521 508 503 490 
44
329 335 349 355 368 376 388 397 431 400 389 382 360 346 353 336 250 198 237 238 216 219 289 310 301 284 277 242 243 221 191 239 255 313 316 330 340 352 362 377 385 405 420 421 
10
172 138 116 156 273 329 335 349 355 250 
6
273 329 335 349 355 368 
2
470 431 
69
198 237 238 216 219 289 310 301 284 277 242 243 221 191 239 255 313 316 330 340 352 362 377 385 405 420 421 465 456 445 451 464 463 471 472 474 475 488 484 479 487 502 505 506 510 516 519 514 517 520 523 524 522 512 507 511 515 526 529 528 527 513 496 478 442 486 498 509 525 
68
470 219 289 310 301 284 277 242 243 221 191 239 255 313 316 330 340 352 362 377 385 405 420 421 465 456 445 451 464 463 471 472 474 475 488 484 479 487 502 505 506 510 516 519 514 517 520 523 524 522 512 507 511 515 526 529 528 527 513 496 478 442 486 498 509 525 521 508 
17
431 400 389 382 360 346 353 336 250 198 237 238 216 219 289 310 301 
2
431 284 
66
389 382 360 346 353 336 289 310 301 284 277 242 243 221 191 239 255 313 316 330 340 352 362 377 385 405 420 421 465 456 445 451 464 463 471 472 474 475 488 484 479 487 502 505 506 510 516 519 514 517 520 523 524 522 512 507 511 515 526 529 528 527 513 496 478 442 
15
470 431 400 389 382 360 346 353 336 521 508 490 482 499 477 
7
516 519 514 517 520 523 524 
3
362 377 385 
3
242 243 221 
4
68 97 172 138 
2
376 388 
2
242 243 
3
510 516 514 
4
362 377 385 405 
8
510 516 519 514 517 520 523 524 
7
277 242 243 221 191 239 255 
4
368 376 388 397 
4
335 349 355 368 
7
340 352 362 377 385 405 420 
3
277 242 243 
4
510 516 519 514 
8
455 466 480 476 460 469 468 467 
7
455 466 480 476 460 469 468 
2
489 480 
3
430 455 466 
3
468 467 462 
20
200 211 186 181 158 145 130 135 169 174 182 187 193 203 180 173 153 146 161 176 
4
200 161 176 199 
3
153 146 161 
11
186 130 135 169 174 182 187 193 203 180 173 
8
200 211 193 203 180 173 153 176 
6
186 181 158 145 130 135 
2
174 180 
2
187 193 
3
158 145 130 
8
405 420 421 456 445 451 464 463 
4
465 488 484 479 
2
479 487 
3
265 228 183 
3
197 175 166 
4
291 281 302 304 
3
149 150 160 
3
110 104 106 
4
465 484 479 487 
2
487 502 
33
220 217 209 190 179 177 152 148 157 137 124 147 188 202 215 235 241 224 229 218 210 196 185 195 184 154 162 163 143 144 129 132 125 
14
220 217 209 190 179 177 152 148 157 137 124 147 188 215 
18
215 235 241 262 258 268 270 259 261 251 224 229 218 210 196 185 195 184 
26
163 143 144 131 142 123 98 76 67 63 71 78 96 105 84 73 65 59 62 64 70 86 82 95 111 129 
5
188 202 185 195 184 
18
124 147 154 162 163 132 125 114 113 112 107 103 99 93 92 81 80 89 
6
185 195 184 154 162 163 
4
129 132 125 114 
4
507 511 515 496 
6
519 514 517 520 523 524 
12
517 520 523 524 522 512 511 515 526 529 528 527 
13
517 520 523 524 522 512 507 511 515 526 529 528 527 
9
520 523 524 522 512 515 526 529 528 
2
58 53 
2
51 52 
2
93 92 
4
196 185 195 184 
2
357 341 
2
402 407 
2
3 4 
14
216 219 289 310 301 284 277 242 243 221 191 239 255 313 
28
360 346 353 336 198 237 238 216 219 289 310 301 284 277 242 243 221 191 239 255 313 316 330 340 352 362 377 385 
6
250 198 237 238 216 219 
8
389 382 360 346 353 336 310 301 
5
388 397 470 431 400 
69
470 216 219 289 310 301 284 277 242 243 221 191 239 255 313 316 330 340 352 362 377 385 405 420 421 465 456 445 451 464 463 471 472 474 475 488 484 479 487 502 505 506 510 516 519 514 517 520 523 524 522 512 507 511 515 526 529 528 527 513 496 478 442 486 498 509 525 521 508 
2
521 410 
7
389 382 360 346 353 336 410 
7
389 382 360 346 353 336 503 
6
451 464 463 471 472 474 
5
362 377 385 405 420 
8
465 471 472 474 475 488 484 479 
13
465 456 464 463 471 472 474 475 488 484 479 487 502 
4
421 465 456 445 
4
198 237 238 490 
4
198 237 238 503 
5
431 250 198 237 238 
4
198 237 238 477 
22
116 156 273 329 335 349 355 368 376 388 397 470 431 400 389 382 360 346 353 336 250 374 
78
198 237 238 216 219 289 310 301 284 277 242 243 221 191 239 255 313 316 330 340 352 362 377 385 405 420 421 465 456 445 451 464 463 471 472 474 475 488 484 479 487 502 505 506 510 516 519 514 517 520 523 524 522 512 507 511 515 526 529 528 527 513 496 478 442 486 498 509 525 521 508 503 490 482 499 501 477 374 
11
368 376 388 397 470 431 400 477 440 410 384 
3
384 371 374 
2
485 374 
4
374 370 369 364 
14
370 369 364 383 395 393 392 411 448 453 439 454 457 458 
6
501 453 439 454 457 458 
26
504 493 494 500 497 489 473 449 441 427 399 417 430 455 466 480 460 469 468 467 462 446 444 432 406 418 
17
460 469 468 467 462 446 444 432 406 409 418 434 436 429 426 423 416 
7
449 441 427 430 455 466 476 
5
483 492 495 504 493 
6
518 531 530 493 494 500 
4
500 497 489 480 
2
455 466 
4
504 518 531 530 
12
460 469 468 467 462 446 444 432 406 434 436 429 
2
418 434 
3
418 436 429 
9
449 441 427 394 373 379 399 417 430 
4
394 373 379 466 
5
399 417 476 432 406 
3
494 473 466 
3
432 406 409 
4
399 417 432 406 
3
399 417 432 
3
399 417 406 
3
399 417 466 
2
480 476 
2
466 480 
8
466 460 469 468 467 462 446 444 
8
476 460 469 468 467 462 446 444 
2
476 418 
2
409 418 
8
460 469 468 467 462 446 444 409 
9
449 427 460 469 468 467 462 446 444 
9
441 430 460 469 468 467 462 446 444 
3
473 441 430 
3
473 449 427 
3
494 441 430 
3
494 449 427 
28
518 531 530 493 494 500 497 489 473 449 441 427 399 417 430 455 466 480 460 469 468 467 462 446 444 432 406 418 
8
483 492 495 504 518 531 530 493 
3
497 489 480 
3
483 492 493 
5
473 449 441 427 430 
2
473 466 
7
441 394 373 379 399 417 430 
5
449 427 394 373 379 
4
449 427 399 417 
3
166 178 165 
2
189 178 
77
247 248 227 226 231 222 212 194 207 186 181 158 145 130 135 169 174 182 187 193 203 180 173 153 146 161 134 133 118 77 85 74 72 66 90 108 119 122 102 55 49 40 75 91 100 115 121 126 127 136 170 171 164 151 201 234 267 300 319 326 292 265 228 183 141 120 61 60 87 94 68 97 172 348 328 334 342 
78
247 248 227 226 231 222 212 194 207 186 181 158 145 130 135 169 174 182 187 193 203 180 173 153 146 161 155 134 133 118 77 85 74 72 66 90 108 119 122 102 55 49 40 75 91 100 115 121 126 127 136 170 171 164 151 201 234 267 300 319 326 292 265 228 183 141 120 61 60 87 94 68 97 172 348 328 334 342 
3
165 155 134 
2
180 173 
4
55 49 40 75 
3
248 227 226 
6
68 97 172 138 116 156 
45
227 226 231 222 212 194 207 186 181 158 145 130 135 169 174 182 187 193 203 180 75 91 100 115 121 126 127 136 170 171 164 151 201 234 267 228 183 141 120 61 60 87 94 68 97 
47
227 226 231 222 212 194 207 186 181 158 145 130 135 169 174 182 187 193 203 180 49 40 75 91 100 115 121 126 127 136 170 171 164 151 201 234 267 228 183 141 120 61 60 87 94 68 97 
11
167 192 189 206 204 223 208 197 175 166 178 
12
167 192 189 206 204 223 208 197 175 166 178 165 
7
199 189 206 204 223 208 197 
8
175 166 178 165 155 134 133 118 
5
149 150 160 167 192 
19
227 226 231 222 194 207 186 181 158 145 130 135 169 174 182 187 193 203 180 
22
248 227 226 231 222 212 194 207 186 181 158 145 130 135 169 174 182 187 193 203 180 173 
4
247 248 227 226 
66
264 295 285 314 338 318 311 299 293 276 253 245 256 225 200 211 233 249 272 257 291 281 302 304 320 269 244 135 169 174 182 187 193 203 180 173 153 146 161 176 199 189 206 204 223 208 197 175 166 178 165 155 134 133 118 77 85 74 72 66 90 108 119 122 102 55 
2
471 472 
20
530 493 494 500 497 489 473 449 441 427 399 417 430 455 466 480 444 432 406 418 
11
444 432 406 409 418 434 436 429 426 423 416 
2
531 530 
2
483 493 
6
444 432 406 434 436 429 
2
418 429 
4
473 449 441 427 
2
441 444 
2
444 409 
2
466 444 
2
427 444 
2
394 466 
2
399 466 
2
427 394 
2
427 399 
20
504 493 494 500 497 489 473 449 441 427 399 417 430 455 466 480 444 432 406 418 
4
530 493 494 500 
2
379 466 
2
417 432 
2
417 466 
3
473 449 441 
2
494 441 
2
494 427 
10
225 200 174 180 173 153 146 161 176 199 
9
200 174 180 173 153 146 161 176 199 
18
186 181 158 145 130 135 169 174 182 187 193 203 180 173 153 146 161 176 
3
245 256 225 
26
256 233 249 272 257 291 281 302 304 320 333 343 339 323 307 298 312 315 317 344 331 325 294 283 278 280 
8
225 200 173 153 146 161 176 199 
50
211 233 249 272 257 291 281 302 304 320 333 343 339 323 307 298 312 315 317 344 331 325 294 283 278 280 269 244 247 248 227 226 231 222 212 194 207 186 181 158 145 130 135 169 174 182 187 193 203 180 
24
272 291 281 302 304 320 333 343 339 323 307 298 312 315 317 344 331 325 294 283 278 280 269 244 
16
272 257 291 281 302 304 320 333 343 339 323 307 298 312 315 317 
21
291 281 302 304 320 333 343 339 323 307 298 312 315 317 344 331 325 294 283 278 280 
2
272 269 
15
249 291 281 302 304 320 333 343 339 323 307 298 312 315 317 
2
249 272 
5
244 247 248 227 226 
2
249 244 
2
233 249 
32
504 493 494 500 497 489 473 449 441 427 394 373 379 399 417 430 455 466 480 476 460 469 468 467 462 446 444 432 406 418 436 429 
14
373 379 399 417 460 469 468 467 462 446 444 432 406 434 
6
418 436 429 426 423 416 
4
406 409 436 429 
3
500 497 489 
2
494 473 
3
434 436 429 
5
394 373 379 399 417 
30
494 500 497 489 473 449 441 427 394 373 379 399 417 430 455 466 480 476 460 469 468 467 462 446 444 432 406 418 436 429 
10
483 492 495 504 518 531 530 493 494 500 
31
504 493 494 500 497 489 473 449 441 427 394 373 379 399 417 430 455 466 480 476 460 469 468 467 462 446 444 432 406 418 429 
8
399 417 462 446 444 432 406 434 
5
418 429 426 423 416 
3
406 409 429 
3
418 434 436 
2
379 399 
6
482 499 501 491 481 485 
3
400 389 382 
3
527 513 496 
17
382 360 496 478 442 486 498 509 525 521 508 503 490 482 499 477 440 
3
360 346 353 
21
389 382 360 346 513 496 478 442 486 498 509 525 521 508 503 490 482 499 501 477 440 
2
389 382 
8
370 369 364 383 395 393 392 411 
2
300 328 
2
513 496 
2
346 353 
137
300 319 326 292 265 228 183 141 120 61 60 87 94 68 97 172 138 116 156 273 329 335 349 355 368 376 388 397 470 431 400 389 382 360 346 353 336 250 198 237 238 216 219 289 310 301 284 277 242 243 221 191 239 255 313 316 330 340 352 362 377 385 405 420 421 465 456 445 451 464 463 471 472 474 475 488 484 479 487 502 505 506 510 516 519 514 517 520 523 524 522 512 507 511 515 526 529 528 527 513 496 478 442 486 498 509 525 521 508 503 490 482 499 501 491 481 485 477 440 410 384 371 374 359 354 348 328 334 342 411 448 453 439 454 457 458 461 
33
382 360 346 496 478 442 486 498 509 525 521 508 503 490 482 499 501 491 481 485 477 440 410 384 371 374 359 354 348 328 334 342 370 
19
501 491 481 485 411 448 453 439 454 457 458 461 483 492 495 504 518 531 530 
28
390 387 401 419 422 425 404 403 396 402 407 413 414 412 415 424 428 435 437 438 443 452 459 450 447 433 408 398 
32
390 387 426 423 416 401 419 422 425 404 403 396 402 407 413 414 412 415 424 428 435 437 438 443 452 459 450 447 433 408 398 386 
10
429 426 423 416 401 419 422 425 404 403 
3
398 386 357 
3
380 390 387 
7
482 499 501 491 481 485 477 
3
470 431 400 
3
486 498 509 
16
400 389 382 360 346 509 525 521 508 503 490 482 499 477 440 410 
3
346 353 336 
20
431 400 389 382 360 346 353 498 509 525 521 508 503 490 482 499 501 477 440 410 
37
245 256 225 200 211 233 249 272 257 291 281 302 304 320 333 343 339 323 307 298 312 315 317 344 331 325 294 283 278 280 269 244 203 173 153 176 199 
38
245 256 225 200 211 233 249 272 257 291 281 302 304 320 333 343 339 323 307 298 312 315 317 344 331 325 294 283 278 280 269 244 247 203 173 153 176 199 
3
244 247 248 
35
245 256 225 200 211 233 249 272 257 291 281 302 304 320 333 343 339 323 307 298 312 315 317 344 331 325 294 283 278 280 269 244 203 176 199 
40
245 256 225 200 211 233 249 272 257 291 281 302 304 320 333 343 339 323 307 298 312 315 317 344 331 325 294 283 278 280 269 244 247 203 161 176 199 189 206 204 
3
146 161 176 
10
61 60 87 94 68 97 172 138 116 156 
8
128 140 139 149 150 160 167 192 
3
69 79 83 
2
128 140 
52
491 481 370 369 364 383 395 393 392 411 448 453 439 454 457 458 461 483 492 495 504 518 531 530 493 494 500 497 489 473 449 441 427 394 373 379 399 417 430 455 466 480 476 460 469 468 467 462 446 444 432 406 
21
455 466 480 476 460 469 468 467 462 446 444 432 406 409 418 434 436 429 426 423 416 
2
430 455 
2
501 491 
19
501 491 481 485 392 411 453 439 454 457 458 461 483 492 495 504 518 531 530 
8
491 448 457 458 461 483 492 495 
11
483 492 495 504 518 531 530 493 494 500 497 
2
481 448 
2
501 448 
2
448 504 
2
453 439 
2
485 448 
2
448 518 
2
393 457 
2
453 457 
2
448 453 
3
392 411 448 
2
393 392 
22
504 493 494 500 497 489 473 441 379 399 417 430 466 480 476 460 469 468 467 462 446 444 
7
449 446 444 432 406 418 429 
6
449 427 394 373 379 444 
2
497 489 
2
373 379 
4
444 432 406 434 
2
455 444 
5
493 494 500 497 455 
6
441 379 399 417 430 455 
5
379 399 417 406 429 
4
379 418 434 436 
3
494 473 432 
2
504 455 
2
473 455 
3
449 441 427 
2
441 432 
2
441 406 
2
441 429 
2
441 418 
2
473 449 
2
473 406 
2
473 429 
2
473 418 
4
379 399 417 406 
4
379 399 417 432 
2
504 449 
2
494 449 
2
497 449 
2
493 449 
2
504 432 
2
497 432 
2
493 432 
2
494 429 
2
494 406 
2
494 418 
2
518 494 
2
504 406 
2
493 406 
2
497 406 
2
406 409 
2
504 429 
2
497 429 
2
493 429 
2
409 429 
2
504 418 
2
497 418 
2
493 418 
5
518 531 530 500 497 
4
518 531 530 493 
21
504 493 494 500 497 489 473 449 441 427 399 417 430 455 466 480 446 444 432 406 418 
12
446 444 432 406 409 418 434 436 429 426 423 416 
5
530 493 494 500 497 
7
446 444 432 406 434 436 429 
2
466 446 
7
476 460 469 468 467 462 446 
2
446 409 
2
427 446 
2
441 446 
7
225 200 153 146 161 176 199 
27
256 233 249 272 257 291 281 302 304 320 333 343 339 323 307 298 312 315 317 344 331 325 294 283 278 280 269 
6
200 153 146 161 176 199 
10
399 417 468 467 462 446 444 432 406 434 
3
469 468 467 
4
378 366 373 379 
2
391 378 
2
394 373 
6
417 446 444 432 406 434 
3
495 504 493 
5
531 530 493 494 500 
2
462 446 
7
379 399 417 444 432 406 434 
6
531 530 493 494 500 497 
13
501 491 481 485 461 483 492 495 504 518 531 530 493 
50
370 369 364 383 395 393 392 411 448 453 439 454 457 458 461 483 492 495 504 518 531 530 493 494 500 497 489 473 449 441 427 394 373 379 399 417 430 455 466 480 476 460 469 468 467 462 446 444 432 406 
21
493 494 500 497 489 473 449 441 427 430 455 466 480 476 460 469 468 467 462 446 444 
22
370 369 364 383 395 393 392 411 448 453 439 454 457 458 461 394 373 379 399 417 432 406 
50
370 369 364 383 395 393 392 411 448 453 439 454 457 458 461 483 492 493 494 500 497 489 473 449 441 427 394 373 379 399 417 430 455 466 480 476 460 469 468 467 462 446 444 432 406 409 418 434 436 429 
9
501 491 481 485 495 504 518 531 530 
25
370 369 364 383 395 393 392 411 448 453 439 454 457 458 461 483 492 495 394 373 379 399 417 432 406 
25
504 518 531 530 493 494 500 497 489 473 449 441 427 430 455 466 480 476 460 469 468 467 462 446 444 
48
245 256 225 200 211 233 249 272 257 291 281 302 304 320 333 343 339 323 307 298 312 315 317 344 331 325 294 283 278 280 269 244 247 248 227 226 231 222 212 194 207 174 180 173 153 146 161 176 
13
200 211 186 181 158 145 130 135 169 182 187 193 203 
39
233 249 272 257 291 281 302 304 320 333 343 339 323 307 298 312 315 317 344 331 325 294 283 278 280 269 244 247 248 227 226 231 222 212 194 207 201 234 267 
9
473 449 441 427 373 399 430 455 466 
5
449 441 427 394 430 
3
394 373 399 
3
373 417 430 
2
449 417 
2
449 373 
10
373 399 476 460 469 468 467 462 446 444 
7
518 531 530 494 500 497 489 
3
373 379 399 
7
449 441 427 394 399 417 430 
11
417 455 460 469 468 467 462 446 444 432 406 
5
427 373 406 436 429 
3
441 373 430 
3
473 449 373 
3
394 373 418 
3
394 373 432 
3
455 436 429 
2
455 418 
2
493 455 
2
500 430 
2
373 430 
2
494 430 
4
518 531 530 430 
8
449 460 469 468 467 462 446 444 
8
441 460 469 468 467 462 446 444 
8
460 469 468 467 462 446 444 434 
8
500 460 469 468 467 462 446 444 
8
494 460 469 468 467 462 446 444 
8
394 460 469 468 467 462 446 444 
10
518 531 530 460 469 468 467 462 446 444 
8
427 460 469 468 467 462 446 444 
2
473 441 
2
473 399 
2
473 427 
2
500 473 
2
473 394 
4
518 531 530 473 
2
417 434 
2
373 417 
2
500 417 
2
494 417 
4
518 531 530 417 
3
441 436 429 
2
406 434 
2
432 434 
2
494 432 
2
500 432 
2
449 432 
2
399 432 
2
427 432 
4
518 531 530 432 
2
427 418 
2
449 406 
2
449 418 
3
449 436 429 
2
504 494 
3
494 436 429 
2
500 406 
2
399 406 
2
394 406 
4
518 531 530 406 
3
394 436 429 
2
504 399 
3
399 436 429 
2
399 418 
2
493 399 
3
500 436 429 
3
409 436 429 
5
518 531 530 436 429 
2
500 418 
4
518 531 530 418 
2
504 500 
2
493 500 
2
493 373 
2
504 373 
4
429 426 423 416 
2
434 436 
21
245 256 225 200 211 233 249 272 257 169 174 182 187 193 203 180 173 153 146 161 176 
10
186 181 158 145 130 135 169 182 187 193 
37
256 233 249 272 257 291 281 302 304 320 333 343 339 323 307 298 312 315 317 344 331 325 294 283 278 280 269 244 247 248 227 226 231 222 212 194 207 
2
169 174 
6
180 173 153 146 161 176 
103
300 319 326 292 265 228 183 141 120 61 60 87 94 68 97 172 138 116 156 250 198 237 238 216 219 289 310 301 284 277 242 243 221 191 239 255 313 316 330 340 352 362 377 385 405 420 421 465 456 445 451 464 463 471 472 474 475 488 484 479 487 502 505 506 510 516 519 514 517 520 523 524 522 512 507 511 515 526 529 528 527 513 496 478 442 486 498 509 525 521 508 503 490 482 499 485 477 440 410 384 328 334 342 
85
198 237 238 216 219 289 310 301 284 277 242 243 221 191 239 255 313 316 330 340 352 362 377 385 405 420 421 465 456 445 451 464 463 471 472 474 475 488 484 479 487 502 505 506 510 516 519 514 517 520 523 524 522 512 507 511 515 526 529 528 527 513 496 478 442 486 498 509 525 521 508 503 490 482 499 481 485 477 440 393 392 411 448 453 439 
19
60 87 94 68 97 172 138 116 156 273 329 335 349 355 368 376 388 397 250 
9
482 499 477 393 392 411 448 453 439 
6
453 439 454 457 458 461 
83
335 349 355 368 376 388 397 470 198 237 238 216 219 289 310 301 284 277 242 243 221 191 239 255 313 316 330 340 352 362 377 385 405 420 421 465 456 445 451 464 463 471 472 474 475 488 484 479 487 502 505 506 510 516 519 514 517 520 523 524 522 512 507 511 515 526 529 528 527 513 496 478 442 486 498 509 525 521 508 503 490 477 440 
8
440 410 384 371 374 359 354 348 
3
481 440 448 
3
482 501 440 
79
198 237 238 216 219 289 310 301 284 277 242 243 221 191 239 255 313 316 330 340 352 362 377 385 405 420 421 465 456 445 451 464 463 471 472 474 475 488 484 479 487 502 505 506 510 516 519 514 517 520 523 524 522 512 507 511 515 526 529 528 527 513 496 478 442 486 498 509 525 521 508 503 490 482 371 374 359 354 348 
18
60 87 94 68 97 172 138 116 156 470 431 400 389 382 360 346 353 336 
15
61 60 87 94 68 97 172 138 116 156 371 374 359 354 348 
10
60 87 94 68 97 172 138 116 156 440 
3
501 485 448 
74
198 237 238 216 219 289 310 301 284 277 242 243 221 191 239 255 313 316 330 340 352 362 377 385 405 420 421 465 456 445 451 464 463 471 472 474 475 488 484 479 487 502 505 506 510 516 519 514 517 520 523 524 522 512 507 511 515 526 529 528 527 513 496 478 442 486 498 509 525 521 508 503 490 448 
75
198 237 238 216 219 289 310 301 284 277 242 243 221 191 239 255 313 316 330 340 352 362 377 385 405 420 421 465 456 445 451 464 463 471 472 474 475 488 484 479 487 502 505 506 510 516 519 514 517 520 523 524 522 512 507 511 515 526 529 528 527 513 496 478 442 486 498 509 525 521 508 503 490 499 501 
6
477 371 374 359 354 348 
9
335 349 355 368 376 388 397 410 384 
8
61 335 349 355 368 376 388 397 
2
61 470 
10
335 349 355 368 376 388 397 328 334 342 
8
335 349 355 368 376 388 397 499 
8
335 349 355 368 376 388 397 485 
8
335 349 355 368 376 388 397 482 
2
470 482 
3
470 410 384 
2
499 440 
2
470 485 
4
470 328 334 342 
2
470 499 
6
499 371 374 359 354 348 
6
485 371 374 359 354 348 
6
250 371 374 359 354 348 
74
250 198 237 238 216 219 289 310 301 284 277 242 243 221 191 239 255 313 316 330 340 352 362 377 385 405 420 421 465 456 445 451 464 463 471 472 474 475 488 484 479 487 502 505 506 510 516 519 514 517 520 523 524 522 512 507 511 515 526 529 528 527 513 496 478 442 486 498 509 525 521 508 503 490 
74
198 237 238 216 219 289 310 301 284 277 242 243 221 191 239 255 313 316 330 340 352 362 377 385 405 420 421 465 456 445 451 464 463 471 472 474 475 488 484 479 487 502 505 506 510 516 519 514 517 520 523 524 522 512 507 511 515 526 529 528 527 513 496 478 442 486 498 509 525 521 508 503 490 481 
14
499 501 491 481 485 477 448 453 439 454 483 492 495 504 
6
392 411 448 453 439 454 
5
491 440 492 495 504 
6
491 481 448 457 458 461 
3
483 492 495 
2
481 440 
2
504 493 
4
454 457 458 461 
2
440 454 
2
454 493 
4
457 458 461 483 
4
453 457 458 461 
4
439 457 458 461 
2
439 493 
2
440 439 
2
453 493 
2
440 453 
2
440 483 
2
448 493 
2
440 448 
74
198 237 238 216 219 289 310 301 284 277 242 243 221 191 239 255 313 316 330 340 352 362 377 385 405 420 421 465 456 445 451 464 463 471 472 474 475 488 484 479 487 502 505 506 510 516 519 514 517 520 523 524 522 512 507 511 515 526 529 528 527 513 496 478 442 486 498 509 525 521 508 503 490 499 
2
482 499 
74
198 237 238 216 219 289 310 301 284 277 242 243 221 191 239 255 313 316 330 340 352 362 377 385 405 420 421 465 456 445 451 464 463 471 472 474 475 488 484 479 487 502 505 506 510 516 519 514 517 520 523 524 522 512 507 511 515 526 529 528 527 513 496 478 442 486 498 509 525 521 508 503 490 477 
10
492 495 504 518 531 530 493 494 500 497 
4
491 492 495 504 
3
483 504 493 
7
481 392 411 448 453 439 454 
5
491 481 457 458 461 
2
477 493 
2
499 493 
2
481 493 
4
499 457 458 461 
4
477 457 458 461 
4
448 457 458 461 
12
378 366 473 449 441 427 373 379 399 430 455 466 
5
430 455 466 480 476 
4
449 399 417 430 
4
441 427 394 430 
5
366 358 363 351 347 
4
378 366 379 480 
2
378 476 
2
366 476 
4
373 379 399 476 
2
394 379 
3
449 441 480 
2
441 476 
3
449 427 476 
2
449 394 
2
427 480 
2
399 480 
2
373 480 
2
394 399 
65
397 470 431 352 362 377 385 405 420 421 465 456 445 451 464 463 471 472 474 475 488 484 479 487 502 505 506 510 516 519 514 517 520 523 524 522 512 507 511 515 526 529 528 527 513 496 478 442 486 498 509 525 521 508 503 490 482 499 477 440 410 384 371 374 359 
72
388 397 470 431 400 340 352 362 377 385 405 420 421 465 456 445 451 464 463 471 472 474 475 488 484 479 487 502 505 506 510 516 519 514 517 520 523 524 522 512 507 511 515 526 529 528 527 513 496 478 442 486 498 509 525 521 508 503 490 482 499 501 481 485 477 440 410 384 371 374 359 354 
3
431 400 389 
3
359 354 348 
14
149 150 160 167 192 189 206 204 223 208 197 175 166 178 
15
149 150 160 167 192 189 206 204 223 208 197 175 166 178 165 
2
330 340 
68
349 355 368 376 388 397 470 431 400 340 352 362 377 385 405 420 421 465 456 445 451 464 463 471 472 474 475 488 484 479 487 502 505 506 510 516 519 514 517 520 523 524 522 512 507 511 515 526 529 528 527 513 496 478 442 486 498 509 525 521 508 503 490 482 499 477 440 410 
67
355 368 376 388 397 470 431 400 340 352 362 377 385 405 420 421 465 456 445 451 464 463 471 472 474 475 488 484 479 487 502 505 506 510 516 519 514 517 520 523 524 522 512 507 511 515 526 529 528 527 513 496 478 442 486 498 509 525 521 508 503 490 482 499 477 440 410 
3
228 183 141 
6
197 175 166 178 165 155 
3
20 26 39 
26
272 291 281 302 304 320 333 343 339 323 307 298 312 315 317 344 331 325 294 283 278 280 269 244 247 248 
4
244 247 248 227 
4
225 200 176 199 
30
256 233 249 272 257 291 281 302 304 320 333 343 339 323 307 298 312 315 317 344 331 325 294 283 278 280 269 244 247 248 
8
417 467 462 446 444 432 406 434 
2
468 467 
40
370 369 364 383 395 393 392 411 448 453 439 489 473 449 441 427 394 373 379 399 417 430 455 466 480 476 460 469 468 467 462 446 444 432 406 409 418 434 436 429 
15
501 491 481 485 483 492 495 504 518 531 530 493 494 500 497 
23
370 369 364 383 395 393 392 411 448 453 439 454 457 458 461 483 394 373 379 399 417 432 406 
17
504 518 531 530 493 494 500 497 489 473 449 441 427 430 455 466 480 
34
256 233 249 272 257 291 281 302 304 320 333 343 339 323 307 298 312 315 317 344 331 325 294 283 278 280 269 244 247 248 227 226 194 207 
5
411 448 453 439 454 
4
491 410 495 504 
4
491 481 448 461 
2
481 410 
2
410 454 
2
461 483 
2
453 461 
2
439 461 
2
410 439 
2
410 453 
2
410 483 
3
440 410 448 
2
499 410 
2
490 499 
2
490 477 
9
495 504 518 531 530 493 494 500 497 
3
491 495 504 
4
483 492 504 493 
11
417 460 469 468 467 462 446 444 432 406 434 
3
316 330 340 
70
355 368 376 388 397 470 431 400 389 382 360 346 340 352 362 377 385 405 420 421 465 456 445 451 464 463 471 472 474 475 488 484 479 487 502 505 506 510 516 519 514 517 520 523 524 522 512 507 511 515 526 529 528 527 513 496 478 442 486 498 509 525 521 508 503 490 482 499 477 440 
75
355 368 376 388 397 470 431 400 389 382 360 346 353 330 340 352 362 377 385 405 420 421 465 456 445 451 464 463 471 472 474 475 488 484 479 487 502 505 506 510 516 519 514 517 520 523 524 522 512 507 511 515 526 529 528 527 513 496 478 442 486 498 509 525 521 508 503 490 482 499 501 481 485 477 440 
19
504 493 494 500 497 489 473 449 441 427 417 430 455 466 480 444 432 406 418 
4
417 476 432 406 
3
417 432 406 
2
417 406 
11
399 417 468 467 462 446 444 432 406 434 436 
2
469 468 
2
436 429 
7
399 417 446 444 432 406 434 
101
300 319 326 292 265 228 183 141 120 61 60 87 94 68 97 172 138 116 156 250 198 237 238 216 219 289 310 301 284 277 242 243 221 191 239 255 313 316 330 340 352 362 377 385 405 420 421 465 456 445 451 464 463 471 472 474 475 488 484 479 487 502 505 506 510 516 519 514 517 520 523 524 522 512 507 511 515 526 529 528 527 513 496 478 442 486 498 509 525 521 508 503 490 482 499 485 477 440 410 384 328 
62
362 377 385 405 420 421 465 456 445 451 464 463 471 472 474 475 488 484 479 487 502 505 506 510 516 519 514 517 520 523 524 522 512 507 511 515 526 529 528 527 513 496 478 442 486 498 509 525 521 508 503 490 482 499 481 485 477 440 411 448 453 439 
33
116 156 273 329 335 349 355 368 376 388 397 250 198 237 238 216 219 289 310 301 284 277 242 243 221 191 239 255 313 316 330 340 352 
7
482 499 477 411 448 453 439 
3
453 439 454 
56
397 470 362 377 385 405 420 421 465 456 445 451 464 463 471 472 474 475 488 484 479 487 502 505 506 510 516 519 514 517 520 523 524 522 512 507 511 515 526 529 528 527 513 496 478 442 486 498 509 525 521 508 503 490 477 440 
5
440 410 384 371 374 
54
362 377 385 405 420 421 465 456 445 451 464 463 471 472 474 475 488 484 479 487 502 505 506 510 516 519 514 517 520 523 524 522 512 507 511 515 526 529 528 527 513 496 478 442 486 498 509 525 521 508 503 490 482 374 
3
156 470 431 
30
431 400 389 382 360 346 353 336 250 198 237 238 216 219 289 310 301 284 277 242 243 221 191 239 255 313 316 330 340 352 
9
87 94 68 97 172 138 116 156 374 
2
156 440 
2
362 448 
54
362 377 385 405 420 421 465 456 445 451 464 463 471 472 474 475 488 484 479 487 502 505 506 510 516 519 514 517 520 523 524 522 512 507 511 515 526 529 528 527 513 496 478 442 486 498 509 525 521 508 503 490 499 501 
2
477 374 
2
397 384 
2
87 397 
2
87 470 
2
397 328 
2
397 499 
2
397 485 
2
397 482 
2
470 384 
2
470 352 
2
470 328 
2
499 374 
2
352 374 
2
352 362 
2
362 481 
17
308 324 345 350 332 322 337 365 361 367 372 380 390 387 381 375 401 
8
409 418 434 436 429 426 423 416 
5
426 423 416 401 419 
2
322 337 
13
308 282 274 232 246 252 266 288 297 286 296 303 306 
2
337 356 
5
419 422 425 404 403 
3
337 426 423 
3
308 426 423 
2
321 337 
2
321 308 
2
337 419 
2
337 416 
2
308 419 
2
308 416 
73
389 382 360 346 353 336 198 237 238 216 219 289 310 301 284 277 242 243 221 191 239 255 313 316 330 340 352 362 377 385 405 420 421 465 456 445 451 464 463 471 472 474 475 488 484 479 487 502 505 506 510 516 519 514 517 520 523 524 522 512 507 511 515 526 529 528 527 513 496 478 442 486 498 
68
431 198 237 238 216 219 289 310 301 284 277 242 243 221 191 239 255 313 316 330 340 352 362 377 385 405 420 421 465 456 445 451 464 463 471 472 474 475 488 484 479 487 502 505 506 510 516 519 514 517 520 523 524 522 512 507 511 515 526 529 528 527 513 496 478 442 486 498 
20
501 491 481 485 392 411 453 439 454 457 458 461 483 492 495 504 518 531 530 493 
7
491 448 458 461 483 492 495 
2
457 458 
2
393 458 
3
453 458 461 
60
368 376 388 397 470 362 377 385 405 420 421 465 456 445 451 464 463 471 472 474 475 488 484 479 487 502 505 506 510 516 519 514 517 520 523 524 522 512 507 511 515 526 529 528 527 513 496 478 442 486 498 509 525 521 508 503 490 477 440 410 
11
61 60 87 94 68 97 172 138 116 156 374 
6
368 376 388 397 410 384 
2
61 368 
2
368 328 
2
368 499 
2
368 485 
2
368 482 
4
352 362 377 385 
13
200 169 174 182 187 193 203 180 173 153 146 161 176 
6
194 207 181 158 145 130 
3
200 211 193 
7
211 169 173 153 146 161 176 
2
211 182 
2
211 203 
2
211 187 
8
169 174 180 173 153 146 161 176 
6
186 181 182 187 193 203 
115
300 319 326 292 265 228 183 141 120 61 60 87 94 68 97 172 138 116 156 335 349 355 368 376 388 397 250 198 237 238 216 219 289 310 301 284 277 242 243 221 191 239 255 313 316 330 340 352 362 377 385 405 420 421 465 456 445 451 464 463 471 472 474 475 488 484 479 487 502 505 506 510 516 519 514 517 520 523 524 522 512 507 511 515 526 529 528 527 513 496 478 442 486 498 509 525 521 508 503 490 482 499 485 477 440 410 384 371 374 359 354 348 328 334 342 
84
198 237 238 216 219 289 310 301 284 277 242 243 221 191 239 255 313 316 330 340 352 362 377 385 405 420 421 465 456 445 451 464 463 471 472 474 475 488 484 479 487 502 505 506 510 516 519 514 517 520 523 524 522 512 507 511 515 526 529 528 527 513 496 478 442 486 498 509 525 521 508 503 490 482 499 481 485 477 440 392 411 448 453 439 
8
482 499 477 392 411 448 453 439 
20
61 60 87 94 68 97 172 138 116 156 470 431 400 389 382 360 346 353 336 250 
11
120 61 60 87 94 68 97 172 138 116 156 
76
198 237 238 216 219 289 310 301 284 277 242 243 221 191 239 255 313 316 330 340 352 362 377 385 405 420 421 465 456 445 451 464 463 471 472 474 475 488 484 479 487 502 505 506 510 516 519 514 517 520 523 524 522 512 507 511 515 526 529 528 527 513 496 478 442 486 498 509 525 521 508 503 490 481 440 448 
3
499 501 440 
75
470 198 237 238 216 219 289 310 301 284 277 242 243 221 191 239 255 313 316 330 340 352 362 377 385 405 420 421 465 456 445 451 464 463 471 472 474 475 488 484 479 487 502 505 506 510 516 519 514 517 520 523 524 522 512 507 511 515 526 529 528 527 513 496 478 442 486 498 509 525 521 508 503 490 499 
3
470 482 440 
75
198 237 238 216 219 289 310 301 284 277 242 243 221 191 239 255 313 316 330 340 352 362 377 385 405 420 421 465 456 445 451 464 463 471 472 474 475 488 484 479 487 502 505 506 510 516 519 514 517 520 523 524 522 512 507 511 515 526 529 528 527 513 496 478 442 486 498 509 525 521 508 503 490 482 501 
11
61 60 87 94 68 97 172 138 116 156 440 
12
61 60 87 94 68 97 172 138 116 156 273 329 
2
470 477 
3
273 329 250 
8
335 349 355 368 376 388 397 470 
19
200 211 186 181 158 130 135 169 174 182 187 193 203 180 173 153 146 161 176 
7
247 248 227 226 231 194 207 
6
231 222 212 201 234 267 
16
367 372 380 390 387 418 426 423 416 401 419 422 425 404 403 396 
24
396 402 407 413 414 412 415 424 428 435 437 438 443 452 459 450 447 433 408 398 386 357 341 309 
6
361 367 372 380 390 387 
6
434 436 429 426 423 416 
3
409 426 423 
2
409 416 
16
482 499 501 491 481 485 477 448 453 439 454 457 458 461 492 495 
77
198 237 238 216 219 289 310 301 284 277 242 243 221 191 239 255 313 316 330 340 352 362 377 385 405 420 421 465 456 445 451 464 463 471 472 474 475 488 484 479 487 502 505 506 510 516 519 514 517 520 523 524 522 512 507 511 515 526 529 528 527 513 496 478 442 486 498 509 525 521 508 503 490 482 499 477 440 
6
481 392 411 448 453 439 
79
198 237 238 216 219 289 310 301 284 277 242 243 221 191 239 255 313 316 330 340 352 362 377 385 405 420 421 465 456 445 451 464 463 471 472 474 475 488 484 479 487 502 505 506 510 516 519 514 517 520 523 524 522 512 507 511 515 526 529 528 527 513 496 478 442 486 498 509 525 521 508 503 490 453 439 454 457 458 461 
7
440 453 439 454 457 458 461 
6
491 454 457 458 461 483 
75
198 237 238 216 219 289 310 301 284 277 242 243 221 191 239 255 313 316 330 340 352 362 377 385 405 420 421 465 456 445 451 464 463 471 472 474 475 488 484 479 487 502 505 506 510 516 519 514 517 520 523 524 522 512 507 511 515 526 529 528 527 513 496 478 442 486 498 509 525 521 508 503 490 491 481 
2
491 440 
3
440 492 495 
75
198 237 238 216 219 289 310 301 284 277 242 243 221 191 239 255 313 316 330 340 352 362 377 385 405 420 421 465 456 445 451 464 463 471 472 474 475 488 484 479 487 502 505 506 510 516 519 514 517 520 523 524 522 512 507 511 515 526 529 528 527 513 496 478 442 486 498 509 525 521 508 503 490 492 495 
15
482 499 501 491 481 485 477 448 453 439 454 457 458 461 495 
7
491 454 457 458 461 483 492 
2
440 495 
74
198 237 238 216 219 289 310 301 284 277 242 243 221 191 239 255 313 316 330 340 352 362 377 385 405 420 421 465 456 445 451 464 463 471 472 474 475 488 484 479 487 502 505 506 510 516 519 514 517 520 523 524 522 512 507 511 515 526 529 528 527 513 496 478 442 486 498 509 525 521 508 503 490 495 
10
501 491 485 483 492 495 504 518 531 530 
5
504 518 531 530 493 
3
499 501 485 
5
501 491 457 458 461 
2
501 481 
2
491 481 
4
485 457 458 461 
3
136 171 164 
4
121 126 127 136 
3
307 298 312 
5
298 294 283 278 280 
22
501 491 481 485 448 453 439 454 457 458 461 483 492 495 504 518 531 530 493 494 500 497 
10
497 489 473 449 441 427 430 455 466 480 
5
417 444 432 406 434 
3
406 409 436 
109
300 319 326 292 265 228 183 141 120 61 60 87 94 68 97 172 138 116 156 397 250 198 237 238 216 219 289 310 301 284 277 242 243 221 191 239 255 313 316 330 340 352 362 377 385 405 420 421 465 456 445 451 464 463 471 472 474 475 488 484 479 487 502 505 506 510 516 519 514 517 520 523 524 522 512 507 511 515 526 529 528 527 513 496 478 442 486 498 509 525 521 508 503 490 482 499 485 477 440 410 384 371 374 359 354 348 328 334 342 
17
521 508 503 490 482 499 481 485 477 440 410 392 411 448 453 439 454 
9
482 499 477 392 411 448 453 439 454 
28
116 156 431 400 389 382 360 346 353 336 250 198 237 238 216 219 289 310 301 284 277 242 243 221 191 239 255 313 
8
521 508 503 490 481 440 410 448 
2
431 485 
3
499 501 410 
7
470 431 521 508 503 490 499 
3
431 482 410 
6
521 508 503 490 482 501 
2
156 410 
3
156 273 329 
2
521 477 
2
431 477 
54
313 316 330 340 352 362 377 385 405 420 421 465 456 445 451 464 463 471 472 474 475 488 484 479 487 502 505 506 510 516 519 514 517 520 523 524 522 512 507 511 515 526 529 528 527 513 496 478 442 486 498 509 525 521 
2
329 313 
3
397 470 431 
110
300 319 326 292 265 228 183 141 120 61 60 87 94 68 97 172 138 116 156 397 470 250 198 237 238 216 219 289 310 301 284 277 242 243 221 191 239 255 313 316 330 340 352 362 377 385 405 420 421 465 456 445 451 464 463 471 472 474 475 488 484 479 487 502 505 506 510 516 519 514 517 520 523 524 522 512 507 511 515 526 529 528 527 513 496 478 442 486 498 509 525 521 508 503 490 482 499 485 477 440 410 384 371 374 359 354 348 328 334 342 
17
521 508 503 490 482 499 481 485 477 440 411 448 453 439 454 457 458 
10
482 499 477 411 448 453 439 454 457 458 
29
116 156 431 400 389 382 360 346 353 336 250 198 237 238 216 219 289 310 301 284 277 242 243 221 191 239 255 313 316 
2
392 411 
7
521 508 503 490 481 440 448 
3
431 482 440 
6
156 273 329 335 349 355 
5
521 508 503 490 477 
55
313 316 330 340 352 362 377 385 405 420 421 465 456 445 451 464 463 471 472 474 475 488 484 479 487 502 505 506 510 516 519 514 517 520 523 524 522 512 507 511 515 526 529 528 527 513 496 478 442 486 498 509 525 521 508 
6
273 329 335 349 355 313 
7
473 449 441 427 430 455 466 
6
482 499 501 491 485 477 
76
198 237 238 216 219 289 310 301 284 277 242 243 221 191 239 255 313 316 330 340 352 362 377 385 405 420 421 465 456 445 451 464 463 471 472 474 475 488 484 479 487 502 505 506 510 516 519 514 517 520 523 524 522 512 507 511 515 526 529 528 527 513 496 478 442 486 498 509 525 521 508 503 490 482 477 440 
2
485 504 
3
485 492 495 
3
501 491 461 
2
485 461 
4
307 298 312 315 
2
298 280 
12
494 500 497 489 473 449 441 427 430 455 466 480 
2
492 495 
70
250 198 237 238 216 219 289 310 301 284 277 242 243 221 191 239 255 313 316 330 340 352 362 377 385 405 420 421 465 456 445 451 464 463 471 472 474 475 488 484 479 487 502 505 506 510 516 519 514 517 520 523 524 522 512 507 511 515 526 529 528 527 513 496 478 442 486 498 509 525 
2
485 495 
44
370 369 364 383 395 393 392 411 448 453 439 454 457 458 461 489 473 449 441 427 394 373 379 399 417 430 455 466 480 476 460 469 468 467 462 446 444 432 406 409 418 434 436 429 
12
388 397 470 431 400 503 490 482 499 477 440 410 
17
388 397 470 431 400 389 508 503 490 482 499 501 481 485 477 440 410 
3
170 183 141 
6
170 171 228 183 141 120 
3
170 171 164 
3
141 120 61 
2
343 339 
4
40 75 91 100 
15
504 518 531 530 493 494 500 497 489 473 441 430 466 480 476 
21
489 473 449 441 427 394 373 379 399 417 430 466 480 476 460 469 468 467 462 446 444 
8
494 500 497 489 473 455 466 480 
7
449 427 394 373 379 399 417 
3
500 449 427 
3
497 449 427 
2
455 476 
6
373 379 399 417 455 466 
7
441 373 379 399 417 430 432 
9
441 373 379 399 417 430 406 436 429 
5
373 379 399 417 418 
2
489 455 
3
441 430 455 
3
449 427 466 
2
466 432 
2
466 418 
2
466 406 
3
466 436 429 
3
441 430 418 
4
449 441 427 430 
3
473 436 429 
3
489 449 427 
2
473 432 
2
489 432 
3
489 436 429 
2
489 418 
2
489 406 
5
491 410 492 495 504 
2
483 492 
47
383 395 393 392 411 448 453 439 454 457 458 461 483 492 495 504 518 531 530 493 494 500 497 489 473 449 441 427 394 373 379 399 417 430 455 466 480 476 460 469 468 467 462 446 444 432 406 
21
395 394 373 379 399 417 476 460 469 468 467 462 446 444 432 406 409 418 434 436 429 
5
370 369 364 383 393 
11
455 466 480 476 460 469 468 467 462 446 444 
7
383 395 394 373 379 399 417 
9
393 476 460 469 468 467 462 446 444 
10
393 392 411 448 453 439 454 457 458 461 
18
200 211 181 158 145 130 135 169 174 182 187 193 203 180 173 146 161 176 
5
211 233 249 193 203 
5
194 207 181 158 145 
4
186 181 193 203 
5
200 146 161 176 199 
6
158 145 130 135 169 174 
4
186 158 145 173 
4
193 203 173 153 
3
200 211 153 
3
200 211 186 
4
182 187 193 203 
5
193 203 146 161 176 
3
186 182 187 
4
186 146 161 176 
138
300 319 326 292 265 228 183 141 120 61 60 87 94 68 97 172 138 116 156 273 329 335 349 355 368 376 388 397 470 431 400 389 382 360 346 353 336 250 198 237 238 216 219 289 310 301 284 277 242 243 221 191 239 255 313 316 330 340 352 362 377 385 405 420 421 465 456 445 451 464 463 471 472 474 475 488 484 479 487 502 505 506 510 516 519 514 517 520 523 524 522 512 507 511 515 526 529 528 527 513 496 478 442 486 498 509 525 521 508 503 490 482 499 491 481 485 477 440 410 384 371 374 359 354 348 328 334 342 393 392 411 448 453 439 454 457 458 461 
89
335 349 355 368 376 388 397 198 237 238 216 219 289 310 301 284 277 242 243 221 191 239 255 313 316 330 340 352 362 377 385 405 420 421 465 456 445 451 464 463 471 472 474 475 488 484 479 487 502 505 506 510 516 519 514 517 520 523 524 522 512 507 511 515 526 529 528 527 513 496 478 442 486 498 509 525 521 508 503 490 482 499 501 477 371 374 359 354 348 
16
491 481 485 393 392 411 448 453 439 454 457 458 461 483 492 495 
13
491 481 485 371 374 359 354 348 370 369 364 383 395 
6
470 371 374 359 354 348 
4
501 440 410 384 
76
198 237 238 216 219 289 310 301 284 277 242 243 221 191 239 255 313 316 330 340 352 362 377 385 405 420 421 465 456 445 451 464 463 471 472 474 475 488 484 479 487 502 505 506 510 516 519 514 517 520 523 524 522 512 507 511 515 526 529 528 527 513 496 478 442 486 498 509 525 521 508 503 490 440 410 384 
10
335 349 355 368 376 388 397 440 410 384 
4
477 440 410 384 
6
477 370 369 364 383 395 
4
491 481 485 477 
10
335 349 355 368 376 388 397 491 481 485 
12
335 349 355 368 376 388 397 370 369 364 383 395 
78
198 237 238 216 219 289 310 301 284 277 242 243 221 191 239 255 313 316 330 340 352 362 377 385 405 420 421 465 456 445 451 464 463 471 472 474 475 488 484 479 487 502 505 506 510 516 519 514 517 520 523 524 522 512 507 511 515 526 529 528 527 513 496 478 442 486 498 509 525 521 508 503 490 370 369 364 383 395 
11
501 393 392 411 448 453 439 454 457 458 461 
76
198 237 238 216 219 289 310 301 284 277 242 243 221 191 239 255 313 316 330 340 352 362 377 385 405 420 421 465 456 445 451 464 463 471 472 474 475 488 484 479 487 502 505 506 510 516 519 514 517 520 523 524 522 512 507 511 515 526 529 528 527 513 496 478 442 486 498 509 525 521 508 503 490 491 481 485 
17
272 291 320 333 343 339 323 307 298 331 325 294 283 278 280 269 244 
11
298 312 315 317 344 331 325 294 283 278 280 
8
272 331 325 294 283 278 280 269 
5
298 312 315 317 280 
3
272 257 291 
8
302 304 320 333 343 339 323 307 
6
344 331 325 294 283 278 
3
302 304 244 
3
272 302 304 
2
249 291 
2
281 244 
2
272 281 
8
441 427 394 373 399 417 430 455 
5
449 441 427 480 476 
3
455 466 476 
2
430 476 
2
430 480 
2
455 480 
15
272 291 281 298 312 315 317 344 331 325 294 283 278 280 244 
5
298 283 278 280 269 
4
272 257 291 281 
7
298 312 315 317 344 331 325 
3
294 283 278 
11
272 302 304 320 333 343 339 323 307 283 278 
3
249 283 278 
3
249 272 298 
2
269 244 
2
291 269 
2
281 269 
2
249 281 
7
320 333 343 339 323 307 298 
3
302 304 298 
7
291 320 333 343 339 323 307 
3
291 302 304 
7
281 320 333 343 339 323 307 
3
281 302 304 
3
366 358 379 
7
490 482 499 501 485 477 440 
3
490 477 440 
8
490 482 499 501 481 485 477 440 
4
298 283 278 280 
2
312 278 
6
339 323 307 298 312 280 
2
339 278 
11
400 389 382 360 346 353 336 250 198 237 238 
2
400 440 
2
400 503 
9
400 216 219 289 310 301 284 277 242 
2
521 440 
17
394 373 379 399 417 468 467 462 446 444 432 406 409 418 434 436 429 
6
370 369 364 383 395 393 
2
395 394 
2
393 468 
17
200 211 181 158 145 130 135 169 174 182 187 193 203 180 173 161 176 
7
194 207 181 158 145 130 135 
4
186 181 187 193 
5
158 145 130 135 169 
3
186 158 173 
2
193 161 
2
186 161 
11
449 441 427 480 476 460 469 468 467 462 446 
9
455 466 476 460 469 468 467 462 446 
2
430 446 
16
272 291 333 343 339 323 307 298 283 278 280 269 244 247 248 227 
4
272 278 280 269 
4
302 304 320 333 
2
302 227 
2
272 302 
5
249 244 247 248 227 
2
281 227 
23
501 491 481 485 392 411 448 453 439 454 457 458 461 483 492 495 504 518 531 530 493 494 500 
12
483 492 495 504 518 531 530 493 494 500 497 489 
11
383 483 492 495 504 518 531 530 493 494 500 
48
383 395 393 392 411 448 453 439 454 457 458 461 483 492 495 504 518 531 530 493 494 500 497 489 473 449 441 427 394 373 379 399 417 430 455 466 480 476 460 469 468 467 462 446 444 432 406 418 
6
373 379 399 417 432 406 
2
432 409 
8
504 518 531 530 493 494 500 497 
3
458 461 483 
4
501 491 458 461 
2
485 458 
14
272 291 307 298 331 325 294 283 278 280 269 244 247 248 
2
302 244 
6
370 369 364 383 393 392 
6
393 392 411 448 453 439 
9
468 467 462 446 444 432 406 434 436 
2
468 409 
10
197 175 166 178 165 155 134 133 118 77 
3
83 110 104 
3
57 69 79 
3
249 244 247 
7
370 369 364 383 393 392 411 
8
411 448 453 439 454 457 458 461 
2
460 409 
20
501 491 481 485 392 411 448 453 439 454 457 458 461 483 492 495 504 518 531 530 
2
383 531 
50
369 364 383 395 393 392 411 448 453 439 454 457 458 461 483 492 495 504 518 531 530 493 494 500 497 489 473 449 441 427 394 373 379 399 417 430 455 466 480 476 460 469 468 467 462 446 444 432 406 418 
4
370 369 393 392 
13
468 467 462 446 444 432 406 434 436 429 426 423 416 
2
418 416 
51
369 364 383 395 393 392 411 448 453 439 454 457 458 461 483 492 495 504 518 531 530 493 494 500 497 489 473 449 441 427 394 373 379 399 417 430 455 466 480 476 460 469 468 467 462 446 444 432 406 418 434 
12
467 462 446 444 432 406 434 436 429 426 423 416 
2
467 409 
4
418 434 436 429 
24
395 394 373 379 399 417 476 460 469 468 467 462 446 444 432 406 409 418 434 436 429 426 423 416 
2
444 434 
17
394 373 379 399 417 446 444 432 406 409 418 434 436 429 426 423 416 
7
370 369 364 383 395 393 392 
24
504 518 531 530 493 494 500 497 489 473 449 441 427 430 455 466 480 476 460 469 468 467 462 446 
2
392 446 
9
392 411 448 453 439 454 457 458 461 
15
521 508 503 490 482 499 481 485 477 440 411 448 453 439 454 
8
482 499 477 411 448 453 439 454 
28
116 156 400 389 382 360 346 353 336 250 198 237 238 216 219 289 310 301 284 277 242 243 221 191 239 255 313 316 
4
508 481 440 448 
2
400 485 
8
470 431 400 521 508 503 490 499 
3
400 482 440 
2
400 477 
72
198 237 238 216 219 289 310 301 284 277 242 243 221 191 239 255 313 316 330 340 352 362 377 385 405 420 421 465 456 445 451 464 463 471 472 474 475 488 484 479 487 502 505 506 510 516 519 514 517 520 523 524 522 512 507 511 515 526 529 528 527 513 496 478 442 486 498 509 525 521 508 448 
7
481 393 392 411 448 453 439 
77
198 237 238 216 219 289 310 301 284 277 242 243 221 191 239 255 313 316 330 340 352 362 377 385 405 420 421 465 456 445 451 464 463 471 472 474 475 488 484 479 487 502 505 506 510 516 519 514 517 520 523 524 522 512 507 511 515 526 529 528 527 513 496 478 442 486 498 509 525 521 508 453 439 454 457 458 461 
73
198 237 238 216 219 289 310 301 284 277 242 243 221 191 239 255 313 316 330 340 352 362 377 385 405 420 421 465 456 445 451 464 463 471 472 474 475 488 484 479 487 502 505 506 510 516 519 514 517 520 523 524 522 512 507 511 515 526 529 528 527 513 496 478 442 486 498 509 525 521 508 491 481 
72
198 237 238 216 219 289 310 301 284 277 242 243 221 191 239 255 313 316 330 340 352 362 377 385 405 420 421 465 456 445 451 464 463 471 472 474 475 488 484 479 487 502 505 506 510 516 519 514 517 520 523 524 522 512 507 511 515 526 529 528 527 513 496 478 442 486 498 509 525 521 508 495 
18
476 460 469 468 467 462 446 444 432 406 409 418 434 436 429 426 423 416 
14
345 350 332 322 356 365 361 367 372 380 390 387 381 375 
20
308 282 274 232 246 252 266 288 297 286 296 303 306 324 345 350 332 322 361 375 
4
324 345 350 332 
3
332 322 337 
7
350 361 367 372 380 390 387 
4
350 337 356 365 
2
332 337 
2
345 337 
2
381 375 
3
365 361 367 
2
365 375 
2
337 361 
2
356 361 
2
337 375 
2
356 375 
4
469 468 467 462 
14
390 387 418 426 423 416 401 419 422 425 404 403 396 402 
2
409 426 
4
521 481 440 448 
6
273 329 335 349 355 316 
4
460 469 468 467 
10
469 468 467 462 446 444 432 406 434 436 
2
469 409 
3
454 457 458 
3
501 491 458 
14
469 468 467 462 446 444 432 406 434 436 429 426 423 416 
16
469 468 467 462 446 444 432 406 409 418 434 436 429 426 423 416 
48
364 383 395 393 392 411 448 453 439 454 457 458 461 483 492 495 504 518 531 530 493 494 500 497 489 473 449 441 427 394 373 379 399 417 430 455 466 480 476 460 469 468 467 462 446 444 432 406 
11
501 491 481 485 483 492 495 504 518 531 530 
6
370 369 364 393 392 411 
2
364 518 
9
411 448 453 439 454 457 458 461 483 
85
376 388 397 470 431 400 389 216 219 289 310 301 284 277 242 243 221 191 239 255 313 316 330 340 352 362 377 385 405 420 421 465 456 445 451 464 463 471 472 474 475 488 484 479 487 502 505 506 510 516 519 514 517 520 523 524 522 512 507 511 515 526 529 528 527 513 496 478 442 486 498 509 525 521 508 503 490 482 499 501 485 477 440 410 384 
5
494 489 473 466 480 
2
442 486 
6
389 382 360 346 353 336 
43
397 470 431 400 389 486 498 509 525 521 508 503 490 482 499 501 491 481 485 477 440 410 384 371 374 359 354 411 448 453 439 454 457 458 461 483 492 495 504 518 531 530 493 
46
397 470 431 400 389 382 486 498 509 525 521 508 503 490 482 499 501 491 481 485 477 440 410 384 371 374 359 354 392 411 448 453 439 454 457 458 461 483 492 495 504 518 531 530 493 500 
4
531 530 500 497 
5
335 349 355 368 376 
4
313 316 330 340 
4
360 346 353 336 
72
349 355 368 376 388 397 470 431 400 389 382 360 346 340 352 362 377 385 405 420 421 465 456 445 451 464 463 471 472 474 475 488 484 479 487 502 505 506 510 516 519 514 517 520 523 524 522 512 507 511 515 526 529 528 527 513 496 478 442 486 498 509 525 521 508 503 490 482 499 477 440 410 
76
349 355 368 376 388 397 470 431 400 389 382 360 346 353 330 340 352 362 377 385 405 420 421 465 456 445 451 464 463 471 472 474 475 488 484 479 487 502 505 506 510 516 519 514 517 520 523 524 522 512 507 511 515 526 529 528 527 513 496 478 442 486 498 509 525 521 508 503 490 482 499 501 485 477 440 410 
9
400 389 382 360 346 353 336 485 440 
10
400 389 382 360 346 353 336 499 501 440 
9
400 389 382 360 346 353 336 499 501 
3
400 482 477 
3
482 440 410 
30
470 431 400 389 382 360 346 353 336 528 527 513 496 478 442 486 498 509 525 521 508 503 490 482 499 501 481 485 477 440 
10
470 521 508 503 490 482 499 501 485 477 
8
470 521 508 503 490 482 499 501 
7
470 521 508 503 490 477 440 
8
355 368 376 388 397 470 431 400 
2
237 490 
2
237 503 
4
400 250 198 237 
2
237 477 
5
436 429 426 423 416 
8
313 316 330 340 352 362 377 385 
68
349 355 368 376 388 397 470 431 400 389 340 352 362 377 385 405 420 421 465 456 445 451 464 463 471 472 474 475 488 484 479 487 502 505 506 510 516 519 514 517 520 523 524 522 512 507 511 515 526 529 528 527 513 496 478 442 486 498 509 525 521 508 503 490 482 499 477 440 
73
349 355 368 376 388 397 470 431 400 389 382 330 340 352 362 377 385 405 420 421 465 456 445 451 464 463 471 472 474 475 488 484 479 487 502 505 506 510 516 519 514 517 520 523 524 522 512 507 511 515 526 529 528 527 513 496 478 442 486 498 509 525 521 508 503 490 482 499 501 481 485 477 440 
2
383 530 
49
369 364 383 395 393 392 411 448 453 439 454 457 458 461 483 492 495 504 518 531 530 493 494 500 497 489 473 449 441 427 394 373 379 399 417 430 455 466 480 476 460 469 468 467 462 446 444 432 406 
5
370 369 393 392 411 
2
369 518 
2
521 448 
2
525 521 
9
521 508 503 490 482 499 477 440 410 
7
521 453 439 454 457 458 461 
7
410 453 439 454 457 458 461 
3
521 491 481 
2
491 410 
13
499 501 491 481 485 448 453 439 454 457 458 461 495 
3
491 461 483 
2
410 495 
2
521 495 
5
476 460 469 468 467 
15
460 469 468 467 462 446 444 432 406 434 436 429 426 423 416 
6
494 497 489 473 466 480 
2
448 530 
2
411 448 
19
501 491 481 485 411 453 439 454 457 458 461 483 492 495 504 518 531 530 493 
2
392 458 
7
449 441 427 430 455 466 480 
9
441 427 394 373 379 399 417 430 455 
3
480 476 460 
3
455 476 460 
2
460 469 
2
430 460 
2
427 460 
4
521 508 503 490 
4
431 400 389 382 
11
376 388 397 470 431 490 482 499 477 440 410 
15
376 388 397 470 431 400 503 490 482 499 501 485 477 440 410 
3
525 521 508 
8
521 508 503 490 482 499 477 440 
5
481 411 448 453 439 
5
489 455 466 480 476 
18
525 521 508 503 490 482 499 481 485 477 440 410 411 448 453 439 454 457 
9
482 499 477 411 448 453 439 454 457 
67
116 156 431 400 389 382 360 346 353 336 250 198 237 238 216 219 289 310 301 284 277 242 243 221 191 239 255 313 316 330 340 352 362 377 385 405 420 421 465 456 445 451 464 463 471 472 474 475 488 484 479 487 502 505 506 510 516 519 514 517 520 523 524 522 512 507 511 
9
525 521 508 503 490 481 440 410 448 
8
470 431 525 521 508 503 490 499 
7
525 521 508 503 490 482 501 
2
156 273 
6
525 521 508 503 490 477 
14
511 515 526 529 528 527 513 496 478 442 486 498 509 525 
2
273 511 
112
300 319 326 292 265 228 183 141 120 61 60 87 94 68 97 172 138 116 156 388 397 470 431 250 198 237 238 216 219 289 310 301 284 277 242 243 221 191 239 255 313 316 330 340 352 362 377 385 405 420 421 465 456 445 451 464 463 471 472 474 475 488 484 479 487 502 505 506 510 516 519 514 517 520 523 524 522 512 507 511 515 526 529 528 527 513 496 478 442 486 498 509 525 521 508 503 490 482 499 485 477 440 410 384 371 374 359 354 348 328 334 342 
37
116 156 400 389 382 360 346 353 336 250 198 237 238 216 219 289 310 301 284 277 242 243 221 191 239 255 313 316 330 340 352 362 377 385 405 420 421 
8
273 329 335 349 355 316 330 340 
7
524 522 512 507 511 515 526 
9
523 524 522 512 507 511 515 526 529 
4
507 511 496 478 
5
519 517 520 523 524 
10
219 289 310 301 284 277 242 243 221 191 
8
191 239 255 313 316 330 340 352 
5
198 237 238 216 219 
34
495 504 518 531 530 493 494 500 497 489 473 449 441 427 373 379 399 417 430 455 466 476 460 469 468 467 462 446 444 432 406 418 436 429 
9
480 476 460 469 468 467 462 446 444 
3
493 494 473 
5
489 473 449 466 480 
6
373 379 399 417 430 480 
9
455 466 460 469 468 467 462 446 444 
9
427 394 460 469 468 467 462 446 444 
2
504 489 
2
441 430 
7
460 469 468 467 462 446 432 
2
432 406 
11
373 379 399 417 467 462 446 444 432 406 434 
6
480 476 460 469 468 467 
3
455 466 467 
3
427 394 467 
2
527 448 
18
527 513 496 478 442 486 498 509 525 521 508 503 490 482 499 477 440 410 
7
527 453 439 454 457 458 461 
3
527 491 481 
2
527 495 
35
492 495 504 518 531 530 493 494 500 497 489 473 449 441 427 373 379 399 417 430 455 466 476 460 469 468 467 462 446 444 432 406 418 436 429 
3
455 466 460 
3
427 394 460 
4
260 311 299 293 
7
240 260 318 311 299 293 276 
10
214 240 260 338 318 311 299 293 276 253 
13
213 214 240 260 327 338 318 311 299 293 276 253 245 
16
205 213 214 240 260 347 327 338 318 311 299 293 276 253 245 256 
6
168 205 213 214 240 260 
10
378 366 358 363 351 347 327 338 318 311 
6
293 276 253 245 256 225 
4
427 394 373 379 
13
378 366 358 473 449 441 427 373 379 399 430 455 466 
8
430 455 466 480 476 460 469 468 
5
378 366 358 379 480 
2
378 468 
2
358 468 
4
373 379 399 468 
2
441 468 
3
449 427 468 
100
335 349 355 368 376 388 397 470 431 198 237 238 216 219 289 310 301 284 277 242 243 221 191 239 255 313 316 330 340 352 362 377 385 405 420 421 465 456 445 451 464 463 471 472 474 475 488 484 479 487 502 505 506 510 516 519 514 517 520 523 524 522 512 507 511 515 526 529 528 527 513 496 478 442 486 498 509 525 521 508 503 490 482 499 501 481 485 477 440 410 384 371 374 359 354 348 411 448 453 439 
84
335 349 355 368 376 388 397 470 431 198 237 238 216 219 289 310 301 284 277 242 243 221 191 239 255 313 316 330 340 352 362 377 385 405 420 421 465 456 445 451 464 463 471 472 474 475 488 484 479 487 502 505 506 510 516 519 514 517 520 523 524 522 512 507 511 515 526 529 528 527 513 496 478 442 486 498 509 525 521 508 503 490 477 440 
75
198 237 238 216 219 289 310 301 284 277 242 243 221 191 239 255 313 316 330 340 352 362 377 385 405 420 421 465 456 445 451 464 463 471 472 474 475 488 484 479 487 502 505 506 510 516 519 514 517 520 523 524 522 512 507 511 515 526 529 528 527 513 496 478 442 486 498 509 525 521 508 503 490 482 499 
8
431 400 389 382 360 346 353 336 
9
490 482 499 501 491 481 485 477 440 
18
115 121 126 127 136 170 171 164 151 319 326 292 265 228 183 141 120 61 
5
490 482 499 501 485 
80
400 389 382 360 346 353 336 250 198 237 238 216 219 289 310 301 284 277 242 243 221 191 239 255 313 316 330 340 352 362 377 385 405 420 421 465 456 445 451 464 463 471 472 474 475 488 484 479 487 502 505 506 510 516 519 514 517 520 523 524 522 512 507 511 515 526 529 528 527 513 496 478 442 486 498 509 525 521 508 503 
82
335 349 355 368 376 388 397 470 431 198 237 238 216 219 289 310 301 284 277 242 243 221 191 239 255 313 316 330 340 352 362 377 385 405 420 421 465 456 445 451 464 463 471 472 474 475 488 484 479 487 502 505 506 510 516 519 514 517 520 523 524 522 512 507 511 515 526 529 528 527 513 496 478 442 486 498 509 525 521 508 503 490 
8
470 400 389 382 360 346 353 336 
3
481 485 448 
17
319 326 292 265 228 183 141 400 389 382 360 346 353 336 482 477 440 
9
61 400 389 382 360 346 353 336 490 
7
482 477 371 374 359 354 348 
10
400 389 382 360 346 353 336 328 334 342 
9
400 389 382 360 346 353 336 410 384 
8
120 400 389 382 360 346 353 336 
2
300 482 
8
120 335 349 355 368 376 388 397 
14
319 326 292 265 228 183 141 335 349 355 368 376 388 397 
8
335 349 355 368 376 388 397 477 
2
300 477 
2
300 490 
6
490 371 374 359 354 348 
2
300 61 
6
61 371 374 359 354 348 
6
440 371 374 359 354 348 
2
300 440 
7
410 384 371 374 359 354 348 
3
300 410 384 
6
120 371 374 359 354 348 
2
300 120 
12
319 326 292 265 228 183 141 371 374 359 354 348 
8
300 319 326 292 265 228 183 141 
4
300 328 334 342 
7
313 316 330 340 352 362 377 
66
349 355 368 376 388 397 470 431 400 389 377 385 405 420 421 465 456 445 451 464 463 471 472 474 475 488 484 479 487 502 505 506 510 516 519 514 517 520 523 524 522 512 507 511 515 526 529 528 527 513 496 478 442 486 498 509 525 521 508 503 490 482 499 477 440 410 
71
349 355 368 376 388 397 470 431 400 389 382 362 377 385 405 420 421 465 456 445 451 464 463 471 472 474 475 488 484 479 487 502 505 506 510 516 519 514 517 520 523 524 522 512 507 511 515 526 529 528 527 513 496 478 442 486 498 509 525 521 508 503 490 482 499 501 481 485 477 440 410 
13
373 379 399 417 469 468 467 462 446 444 432 406 434 
4
480 476 460 469 
3
455 466 469 
3
427 394 469 
99
335 349 355 368 376 388 397 470 431 400 198 237 238 216 219 289 310 301 284 277 242 243 221 191 239 255 313 316 330 340 352 362 377 385 405 420 421 465 456 445 451 464 463 471 472 474 475 488 484 479 487 502 505 506 510 516 519 514 517 520 523 524 522 512 507 511 515 526 529 528 527 513 496 478 442 486 498 509 525 521 508 503 490 482 499 501 481 485 477 440 410 384 371 374 392 411 448 453 439 
86
335 349 355 368 376 388 397 470 431 400 198 237 238 216 219 289 310 301 284 277 242 243 221 191 239 255 313 316 330 340 352 362 377 385 405 420 421 465 456 445 451 464 463 471 472 474 475 488 484 479 487 502 505 506 510 516 519 514 517 520 523 524 522 512 507 511 515 526 529 528 527 513 496 478 442 486 498 509 525 521 508 503 490 477 440 410 
7
273 329 335 349 355 368 376 
7
400 389 382 360 346 353 336 
12
115 121 126 127 136 170 171 164 151 141 120 61 
78
389 382 360 346 353 336 250 198 237 238 216 219 289 310 301 284 277 242 243 221 191 239 255 313 316 330 340 352 362 377 385 405 420 421 465 456 445 451 464 463 471 472 474 475 488 484 479 487 502 505 506 510 516 519 514 517 520 523 524 522 512 507 511 515 526 529 528 527 513 496 478 442 486 498 509 525 521 508 
83
335 349 355 368 376 388 397 470 431 400 198 237 238 216 219 289 310 301 284 277 242 243 221 191 239 255 313 316 330 340 352 362 377 385 405 420 421 465 456 445 451 464 463 471 472 474 475 488 484 479 487 502 505 506 510 516 519 514 517 520 523 524 522 512 507 511 515 526 529 528 527 513 496 478 442 486 498 509 525 521 508 503 490 
7
470 389 382 360 346 353 336 
10
141 389 382 360 346 353 336 482 477 440 
8
61 389 382 360 346 353 336 490 
3
482 477 374 
7
389 382 360 346 353 336 328 
7
120 389 382 360 346 353 336 
6
335 349 355 368 376 328 
6
61 335 349 355 368 376 
6
335 349 355 368 376 482 
6
120 335 349 355 368 376 
6
141 335 349 355 368 376 
6
335 349 355 368 376 477 
2
490 374 
2
61 374 
2
440 374 
4
410 384 371 374 
2
300 410 
2
120 374 
2
141 374 
17
186 181 158 145 130 135 169 174 182 187 193 203 180 173 153 146 161 
49
211 233 249 272 257 291 281 302 304 320 333 343 339 323 307 298 312 315 317 344 331 325 294 283 278 280 269 244 247 248 227 226 231 222 212 194 207 186 181 158 145 130 135 169 174 182 187 193 203 
3
211 169 146 
13
388 397 470 431 400 389 382 503 490 482 499 477 440 
10
397 470 431 400 503 490 482 499 477 440 
20
355 368 376 388 397 470 431 400 486 498 509 525 521 508 503 490 482 477 440 410 
18
355 368 376 388 397 470 431 400 509 525 521 508 503 490 482 477 440 410 
17
355 368 376 388 397 470 431 400 525 521 508 503 490 482 477 440 410 
10
528 527 513 496 478 442 486 498 509 525 
5
273 329 335 349 355 
16
397 470 431 400 525 521 508 503 490 482 499 501 485 477 440 410 
3
510 516 519 
5
465 475 488 484 479 
6
330 340 352 362 377 385 
43
376 388 397 470 431 400 486 498 509 525 521 508 503 490 482 499 501 491 481 485 477 440 410 384 371 374 359 411 448 453 439 454 457 458 461 483 492 495 504 518 531 530 493 
47
376 388 397 470 431 400 389 382 486 498 509 525 521 508 503 490 482 499 501 491 481 485 477 440 410 384 371 374 359 392 411 448 453 439 454 457 458 461 483 492 495 504 518 531 530 493 500 
3
530 500 497 
8
397 470 431 490 482 499 477 440 
13
397 470 431 400 503 490 482 499 501 481 485 477 440 
13
115 121 126 127 136 170 171 164 151 141 120 61 60 
82
349 355 368 376 388 397 470 431 400 198 237 238 216 219 289 310 301 284 277 242 243 221 191 239 255 313 316 330 340 352 362 377 385 405 420 421 465 456 445 451 464 463 471 472 474 475 488 484 479 487 502 505 506 510 516 519 514 517 520 523 524 522 512 507 511 515 526 529 528 527 513 496 478 442 486 498 509 525 521 508 503 490 
9
349 355 368 376 388 397 440 410 384 
7
389 382 360 346 353 336 384 
2
349 328 
2
61 349 
2
349 482 
2
120 349 
2
141 349 
2
349 477 
2
300 384 
3
526 529 528 
10
507 511 513 496 478 442 486 498 509 525 
3
520 523 524 
16
238 216 219 289 310 301 284 277 242 243 221 191 239 255 313 316 
3
346 310 301 
51
264 295 285 314 321 318 311 299 293 276 253 245 256 225 200 211 233 249 272 257 291 281 302 304 320 269 244 135 169 174 182 187 193 203 180 173 153 146 161 176 199 189 206 204 223 208 197 175 166 178 165 
53
264 295 285 314 321 318 311 299 293 276 253 245 256 225 200 211 233 249 272 257 291 281 302 304 320 333 269 244 135 169 174 182 187 193 203 180 173 153 146 161 176 199 189 206 204 223 208 197 175 166 178 165 155 
15
476 460 469 468 467 462 446 444 432 406 409 418 434 436 429 
3
383 395 394 
23
272 291 281 302 304 320 333 343 339 323 307 298 312 315 317 344 331 325 294 283 278 280 269 
4
249 272 269 244 
15
291 281 302 304 320 333 343 339 323 307 298 312 315 317 244 
11
397 470 431 400 503 490 482 499 477 440 410 
15
397 470 431 400 389 508 503 490 482 499 501 485 477 440 410 
5
333 343 339 323 307 
2
40 75 
231
276 253 245 256 225 200 211 233 249 272 257 291 281 307 298 312 315 317 344 331 325 294 283 278 280 269 244 247 248 227 226 231 222 212 194 207 186 181 158 145 130 135 169 174 182 187 193 203 180 173 153 146 161 176 199 75 91 100 115 121 126 127 136 170 171 164 151 201 234 267 300 319 326 292 265 228 183 141 120 61 60 87 94 68 97 172 138 116 156 273 329 335 349 355 368 376 388 397 470 431 400 389 382 360 346 353 336 250 198 237 238 216 219 289 310 301 284 277 242 243 221 191 239 385 405 420 421 465 456 445 451 464 463 471 472 474 475 488 484 479 487 502 505 506 510 516 519 514 517 520 523 524 522 512 507 511 515 526 529 528 527 513 496 478 442 486 498 509 525 521 508 503 490 482 499 501 491 481 485 477 440 410 384 371 374 359 354 348 328 334 342 370 369 364 383 395 393 392 411 448 453 439 454 457 458 461 483 492 495 504 518 531 530 493 494 500 497 489 473 449 441 427 394 373 379 399 430 455 466 480 476 
232
276 253 245 256 225 200 211 233 249 272 257 291 281 307 298 312 315 317 344 331 325 294 283 278 280 269 244 247 248 227 226 231 222 212 194 207 186 181 158 145 130 135 169 174 182 187 193 203 180 173 153 146 161 176 199 75 91 100 115 121 126 127 136 170 171 164 151 201 234 267 300 319 326 292 265 228 183 141 120 61 60 87 94 68 97 172 138 116 156 273 329 335 349 355 368 376 388 397 470 431 400 389 382 360 346 353 336 250 198 237 238 216 219 289 310 301 284 277 242 243 221 191 239 255 385 405 420 421 465 456 445 451 464 463 471 472 474 475 488 484 479 487 502 505 506 510 516 519 514 517 520 523 524 522 512 507 511 515 526 529 528 527 513 496 478 442 486 498 509 525 521 508 503 490 482 499 501 491 481 485 477 440 410 384 371 374 359 354 348 328 334 342 370 369 364 383 395 393 392 411 448 453 439 454 457 458 461 483 492 495 504 518 531 530 493 494 500 497 489 473 449 441 427 394 373 379 399 430 455 466 480 476 
17
521 508 503 490 482 499 481 485 477 440 410 411 448 453 439 454 457 
3
400 482 410 
111
300 319 326 292 265 228 183 141 120 61 60 87 94 68 97 172 138 116 156 397 470 431 250 198 237 238 216 219 289 310 301 284 277 242 243 221 191 239 255 313 316 330 340 352 362 377 385 405 420 421 465 456 445 451 464 463 471 472 474 475 488 484 479 487 502 505 506 510 516 519 514 517 520 523 524 522 512 507 511 515 526 529 528 527 513 496 478 442 486 498 509 525 521 508 503 490 482 499 485 477 440 410 384 371 374 359 354 348 328 334 342 
9
273 329 335 349 355 313 316 330 340 
7
298 312 315 317 283 278 280 
16
272 291 323 307 298 331 325 294 283 278 280 269 244 247 248 227 
4
317 325 294 283 
2
248 227 
4
249 244 247 248 
2
281 248 
2
272 304 
2
304 248 
2
116 440 
7
116 156 273 329 335 349 355 
36
116 400 389 382 360 346 353 336 250 198 237 238 216 219 289 310 301 284 277 242 243 221 191 239 255 313 316 330 340 352 362 377 385 405 420 421 
8
273 329 335 349 355 313 316 330 
4
525 521 508 503 
10
397 470 431 503 490 482 499 477 440 410 
16
397 470 431 400 521 508 503 490 482 499 501 481 485 477 440 410 
9
446 444 432 406 409 418 434 436 429 
10
455 466 480 476 460 469 468 467 462 446 
17
397 470 431 400 389 521 508 503 490 482 499 501 481 485 477 440 410 
4
317 331 325 294 
3
312 315 317 
12
373 379 399 417 468 467 462 446 444 432 406 434 
7
480 476 460 469 468 467 462 
5
455 466 468 467 462 
5
427 394 468 467 462 
8
523 524 522 512 507 511 515 526 
10
520 523 524 522 512 507 511 515 526 529 
6
512 507 511 515 496 478 
3
517 520 523 
33
211 233 249 272 257 291 281 302 304 320 333 343 339 323 307 298 312 315 317 344 331 325 294 283 278 280 269 244 169 174 182 187 203 
13
200 211 169 174 182 187 203 180 173 153 146 161 176 
4
211 233 249 203 
4
231 222 212 194 
15
244 247 248 227 226 231 194 207 186 181 158 145 130 135 187 
7
194 158 130 135 169 182 193 
8
207 186 181 158 169 174 180 173 
7
247 248 227 226 207 169 193 
4
194 207 182 187 
8
247 248 227 226 231 203 180 173 
4
200 211 194 207 
3
194 145 169 
3
145 130 169 
3
145 182 193 
3
158 145 182 
3
200 231 182 
3
207 130 182 
2
207 203 
6
200 244 247 248 227 226 
3
244 180 173 
2
135 169 
2
231 169 
2
186 182 
2
181 182 
2
135 182 
5
247 248 227 226 182 
2
145 174 
2
130 174 
2
231 174 
2
211 231 
5
247 248 227 226 174 
5
211 247 248 227 226 
2
174 193 
2
135 174 
2
194 174 
2
135 203 
2
211 135 
3
193 180 173 
2
158 203 
2
181 203 
2
145 203 
2
211 145 
2
130 203 
2
186 203 
2
194 203 
3
194 180 173 
3
130 180 173 
2
130 187 
2
158 187 
2
181 187 
2
211 130 
2
200 130 
2
211 158 
2
200 158 
2
211 181 
2
211 186 
2
200 186 
2
200 181 
33
211 233 249 272 257 291 281 302 304 320 333 343 339 323 307 298 312 315 317 344 331 325 294 283 278 280 269 244 169 174 187 193 203 
19
211 247 248 227 226 231 194 207 186 181 158 145 130 135 169 174 187 193 203 
13
200 244 207 186 181 158 187 180 173 153 146 161 176 
5
194 158 130 135 182 
2
244 135 
2
158 145 
5
200 182 187 193 203 
11
247 248 227 226 182 180 173 153 146 161 176 
3
244 194 145 
6
244 247 248 227 226 231 
2
207 182 
2
145 182 
2
145 130 
3
169 174 182 
2
182 187 
4
193 203 180 173 
6
193 203 153 146 161 176 
3
187 193 203 
2
194 187 
4
169 174 180 173 
6
169 174 153 146 161 176 
3
200 169 174 
3
231 180 173 
3
211 180 173 
2
244 130 
5
211 153 146 161 176 
5
130 153 146 161 176 
2
207 130 
5
231 153 146 161 176 
5
194 153 146 161 176 
2
200 231 
5
247 248 227 226 207 
5
200 247 248 227 226 
2
200 194 
2
194 207 
14
200 211 169 174 182 187 193 203 180 173 153 146 161 176 
9
186 181 158 130 135 169 182 187 193 
7
200 173 153 146 161 176 199 
2
200 193 
2
181 158 
6
169 173 153 146 161 176 
2
211 169 
16
391 378 366 373 379 399 460 469 468 467 462 446 444 409 418 429 
4
409 418 434 436 
3
381 375 391 
37
366 358 363 351 347 327 338 318 311 299 293 276 253 245 256 225 200 211 186 181 158 145 130 135 169 174 182 187 193 203 180 173 153 146 161 176 199 
4
409 426 423 416 
2
429 416 
3
429 426 423 
8
460 469 468 467 462 446 444 406 
2
417 409 
8
460 469 468 467 462 446 444 432 
8
417 460 469 468 467 462 446 444 
8
460 469 468 467 462 446 444 436 
2
434 429 
35
211 233 249 272 257 291 281 302 304 320 333 343 339 323 307 298 312 315 317 344 331 325 294 283 278 280 269 244 247 248 169 174 182 187 203 
4
226 207 169 193 
6
227 226 231 203 180 173 
2
244 173 
2
226 182 
2
226 174 
2
211 226 
2
193 173 
2
194 173 
2
130 173 
2
169 176 
7
391 378 366 373 379 399 409 
5
409 429 426 423 416 
5
391 418 434 436 429 
10
460 469 468 467 462 446 444 432 409 434 
2
409 436 
2
391 432 
8
391 460 469 468 467 462 446 444 
16
366 358 363 351 347 327 338 318 311 299 293 276 253 245 256 225 
2
391 406 
2
391 417 
10
494 497 489 473 455 466 480 476 460 469 
7
417 444 432 406 409 418 434 
6
430 455 466 480 476 460 
4
358 363 351 347 
2
378 460 
2
358 460 
4
373 379 399 460 
2
441 460 
3
449 427 460 
9
430 455 466 480 476 460 469 468 467 
3
366 358 363 
2
366 468 
85
335 349 355 368 376 388 397 470 431 400 198 237 238 216 219 289 310 301 284 277 242 243 221 191 239 255 313 316 330 340 352 362 377 385 405 420 421 465 456 445 451 464 463 471 472 474 475 488 484 479 487 502 505 506 510 516 519 514 517 520 523 524 522 512 507 511 515 526 529 528 527 513 496 478 442 486 498 509 525 521 508 503 490 477 440 
8
391 378 366 358 373 379 399 409 
5
378 418 434 436 429 
8
468 467 462 446 444 432 409 434 
4
381 375 391 378 
2
378 432 
2
378 467 
2
378 406 
2
378 417 
9
417 446 444 432 406 409 418 434 436 
7
467 462 446 444 432 409 434 
2
391 467 
4
378 366 358 363 
26
285 314 321 308 282 274 232 246 252 266 288 297 286 296 303 306 324 345 350 332 322 337 356 365 361 375 
